790
534
752
817
640
233
752
439
824
781
701
867
601
864
591
717
700
509
721
854
659
776
839
429
448
318
469
593
469
490
727
553
501
313
266
476
497
669
757
525
631
555
692
279
620
382
334
662
260
657
680
258
457
752
475
349
310
296
305
592
600
447
332
611
514
367
735
710
733
562
317
413
450
345
696
563
265
228
704
795
479
603
737
762
631
471
378
617
576
198
740
540
303
657
180
317
634
584
732
552
150
445
252
211
619
651
730
538
275
447
388
592
643
577
551
444
363
652
653
138
259
339
166
287
663
473
455
182
653
392
364
396
474
215
546
495
122
469
195
476
504
731
695
622
478
437
488
528
117
110
660
581
115
636
482
154
385
551
638
246
158
417
680
100
479
656
519
494
67
184
468
514
597
705
147
220
214
254
374
522
677
402
509
332
195
591
66
580
346
537
402
453
304
150
153
129
115
269
470
171
387
613
445
401
627
592
35
533
152
127
523
428
327
108
294
96
171
430
315
328
191
607
395
533
564
437
408
400
46
414
551
220
128
260
50
455
536
233
308
351
370
471
612
375
578
132
275
493
472
386
188
604
211
554
544
13
138
210
261
90
-3
491
536
76
568
604
170
421
563
166
52
605
569
602
97
86
98
450
-37
192
317
136
304
214
220
438
-17
141
446
145
344
504
227
175
5
-36
398
59
420
342
422
499
38
59
324
49
69
446
-64
91
467
215
104
101
499
497
69
473
426
-3
516
549
-56
304
178
426
174
456
536
364
-29
127
-96
336
292
125
497
102
416
207
491
519
421
-34
493
-100
368
8
260
196
336
400
425
502
342
132
-37
-36
29
426
-112
421
391
425
417
335
448
155
-116
291
-135
405
-64
371
480
176
389
150
159
50
432
150
209
465
113
361
-13
448
-48
278
-117
215
69
194
139
414
210
28
165
-54
15
344
300
403
-55
321
377
43
239
465
-35
-121
-170
26
394
306
374
-141
-59
-73
-183
128
212
270
314
24
153
269
-84
-128
297
41
279
304
12
165
308
391
-96
199
397
306
335
404
-144
225
294
-134
264
239
-137
306
-211
403
393
-132
211
307
42
-16
205
-137
59
334
-215
-64
208
164
368
349
95
-198
100
-37
322
361
120
37
38
-171
219
160
-93
-138
250
130
133
215
-21
-147
-206
-62
170
-65
310
-256
-140
107
169
-212
173
167
-202
374
195
367
262
369
-5
49
-256
-218
-88
-209
-35
-111
218
-108
209
305
252
328
-137
-24
295
-275
146
311
176
67
326
-101
1
-52
-269
-116
-113
-149
-115
267
243
-280
144
-14
46
41
-18
-280
-22
-166
-148
-112
-219
34
-152
269
-6
-31
-322
-250
-61
122
59
287
-246
106
-81
169
-125
-313
-313
-265
-55
-156
-116
-61
-185
49
-5
-150
198
-151
115
123
-284
71
-248
-139
23
62
74
-1
-219
-70
-110
-90
9
-362
76
10
42
165
-166
-118
-108
-324
-7
-348
-240
-137
-330
245
-318
172
-94
-327
205
179
6
257
-206
61
-214
171
-333
-295
-81
-217
-63
-181
215
-329
14
-243
236
-349
-134
-402
-138
-242
-327
-331
-325
-192
-349
53
-102
-256
47
75
-197
-354
-84
-200
-261
-68
10
162
-101
-66
28
-352
-375
11
78
137
-345
-211
184
-20
-294
-327
106
-147
-92
-195
123
-438
-57
-117
33
151
-80
40
-218
-180
-371
-242
-180
-300
-172
-221
15
-271
49
35
-372
-316
-439
84
134
141
-248
-31
-152
-283
-183
-177
-212
-435
-389
24
-27
-62
-191
-114
-12
147
-366
-484
-217
-378
46
-272
-320
-335
-237
-149
63
-174
-227
-413
-126
-121
-18
34
-252
92
-72
-215
-350
-308
-467
-387
-6
-26
-455
-416
-140
72
-45
59
-51
-31
-102
-403
-339
-391
-421
-32
-261
-97
52
-82
-56
-396
-324
8
-127
85
-70
-461
-524
-84
41
83
-156
-360
-232
4
-382
-99
-376
-159
7
-365
-228
-133
44
-302
-407
-113
-309
-549
-236
-539
-282
-389
-164
17
-218
-433
56
-29
-390
-401
-157
-29
-35
-288
-519
-545
-353
-188
-241
-188
-69
-471
-73
-350
-355
-544
-177
-187
-162
-24
-558
-301
-520
-21
-247
-430
-367
-45
-63
-447
-425
-112
-8
-577
-368
-296
-541
-529
-563
-18
-151
-160
-554
-121
25
-10
-295
-241
-276
-366
-446
-432
-102
-405
-15
-573
-157
-541
-105
-149
-55
-461
-429
-83
-245
-636
-395
-44
-304
-407
-229
-12
-371
-269
-235
-552
-528
-557
-523
-28
-563
-9
-384
-252
-88
-235
-609
-79
-65
-251
-518
-89
-238
-122
-424
-171
-662
-620
-487
-51
-329
-259
-114
-594
-60
-524
-651
-568
-200
-524
-391
-495
-450
-648
-417
-403
-188
-156
-108
-252
-583
-366
-268
-425
-669
-472
-63
-543
-507
-197
-230
-367
-358
-670
-491
-660
-328
-675
-574
-610
-658
-391
-106
-560
-193
-180
-316
-647
-290
-610
-285
-158
-696
-361
-372
-633
-669
-677
-338
-112
-564
-214
-182
-526
-248
-140
-731
-201
-460
-163
-632
-645
-276
-696
-129
-484
-535
-519
-163
-307
-732
-401
-383
-441
-221
-305
-460
-146
-398
-185
-527
-157
-621
-583
-304
-654
-437
-354
-263
-669
-539
-306
-651
-703
-295
-531
-738
-148
-725
-171
-341
-335
-281
-455
-427
-377
-369
-258
-614
-287
-601
-595
-594
-474
-225
-304
-642
-476
-298
-736
-333
-539
-474
-682
-268
-433
-741
-285
-178
-535
-650
-605
-196
-438
-609
-606
-662
-213
-234
-362
-218
-240
-704
-207
-726
-702
-372
-558
-632
-476
-260
-388
-811
-291
-666
-335
-748
-717
-712
-719
-783
-641
-503
-779
-678
-684
-366
-577
-284
-730
-608
-364
-748
-785
-738
-713
-816
-828
-732
-599
-510
-653
-672
-833
-312
-775
-864
-319
-280
-272
-814
-396
-740
-574
-484
-546
-357
-325
-444
-434
-566
-282
-667
-494
-442
-731
-770
-426
-584
-317
-645
-819
-820
-365
-742
-780
-780
-508
-666
-757
-612
-412
-827
-696
-531
-551
-641
-495
-357
-882
-584
-512
-693
-750
-345
-326
-395
-568
-654
-359
-556
-596
-665
-833
-841
-745
-327
-909
-551
-852
-775
-810
-835
-929
-574
-532
-454
-759
-529
-592
-461
-821
-395
-778
-335
-873
-812
-758
-725
-796
-715
-409
-747
-923
-840
-610
-594
-764
-514
-756
-498
-605
-613
-779
-590
-356
-571
-410
-485
-947
-414
-469
-925
-381
-405
-899
-433
-978
-775
-624
-589
-425
-665
-524
-612
-892
-590
-692
-940
-561
-939
-585
-583
-768
-980
-362
-541
-465
-689
-929
-379
-638
-457
-525
-486
-837
-829
-817
-917
-520
-876
-834
-791
-1003
-517
-375
-447
-699
-533
-401
-502
-986
-701
-607
-492
-879
-680
-917
-957
-1025
-676
-643
-960
-661
-985
-436
-536
-774
-588
-549
-447
-956
-810
-425
-782
-1025
-863
-950
-557
-625
-814
-985
-970
-1032
-791
-629
-666
-972
-527
-699
-638
-594
-617
-762
-978
-957
-968
-1002
-728
-653
-888
-975
-798
-1055
-770
-606
-659
-928
-455
-998
-814
-938
-816
-777
-504
-1030
-599
-905
-942
-1004
-633
-725
-870
-625
-1050
-454
-854
-1059
-941
-832
-557
-988
-749
-1072
-940
-1069
-949
-967
-806
-854
-571
-1111
-978
-610
-1031
-1072
-913
-533
-557
-1035
-616
-970
-813
-929
-774
-960
-889
-1013
-702
-963
-976
-751
-1012
-544
-501
-558
-1100
-689
-580
-889
-1129
-1140
-772
-659
-1057
-929
-807
-754
-1115
-629
-576
-1098
-528
-764
-644
-1117
-932
-839
-913
-1142
-751
-1055
-614
-751
-1062
-1028
-1001
-945
-556
-882
-700
-579
-565
-941
-647
-930
-694
-782
-843
-1048
-920
-1073
-1181
-937
-568
-713
-589
-1146
-817
-610
-936
-1021
-1083
-637
-1095
-1095
-712
-833
-926
-995
-951
-696
-742
-690
-1135
-882
-1070
-624
-781
-956
-916
-967
-845
-636
-797
-713
-941
-833
-1202
-1087
-631
-821
-974
-1126
-806
-749
-835
-846
-643
-926
-738
-1141
-854
-717
-879
-803
-721
-1112
-620
-650
-940
-1189
-781
-1135
-879
-772
-862
-646
-1021
-836
-1125
-1113
-890
-667
-1069
-1216
-1007
-1098
-773
-973
-695
-738
-804
-688
-968
-777
-764
-885
-1154
-1256
-1159
-862
-1175
-1150
-1208
-1131
-787
-1190
-999
-900
-684
-1263
-711
-809
-787
-1117
-1081
-868
-1175
-1026
-1025
-1044
-1099
-654
-1050
-724
-1283
-731
-1181
-1254
-1127
-1276
-818
-1094
-824
-1197
-1097
-1123
-812
-1228
-734
-1258
-928
-1207
-1258
-904
-847
-1032
-1222
-1054
-1184
-686
-890
-878
-1214
-1287
-823
-919
-1264
-717
-949
-751
-1180
-1283
-1310
-792
-833
-729
-1179
-813
-886
-1283
-1067
-1333
-1222
-1341
-741
-1139
-1056
-827
-1278
-1206
-1078
-916
-1054
-878
-787
-1020
-1269
-1144
-1116
-1047
-987
-1040
-1016
-792
-990
-1226
-890
-751
-805
-1219
-1258
-1165
-995
-753
-1317
-1070
-1211
-1053
-911
-827
-844
-880
-1070
-912
-1066
-1368
-1213
-761
-1260
-1003
-1131
-1061
-1205
-942
-888
-1023
-856
-1042
-1011
-821
-1189
-1335
-1037
-1264
-987
-1285
-1260
-960
-786
-930
-800
-1354
-1084
-917
-1120
-870
-1107
-959
-1114
-1181
-1052
-1174
-1336
-1035
-1225
-1327
-1366
-945
-816
-1348
-985
-1161
-863
-1154
-899
-797
-1070
-1438
-1122
-927
-1141
-1090
-1079
-1162
-1094
-1245
-869
-1398
-1012
-1260
-1343
-1441
-936
-1396
-1266
-839
-1218
-1217
-906
-890
-1287
-1194
-918
-1364
-1115
-1090
-1261
-1081
-1212
-949
-1402
-1415
-1096
-1464
-1060
-1341
-1159
-1233
-844
-1446
-1301
-916
-1453
-1172
-1025
-1094
-1229
-1098
-1003
-1055
-989
-1033
-1074
-1150
-1161
-1014
-1197
-1287
-1105
-1339
-1338
-1337
-1277
-1283
-907
-956
-1287
-1263
-1374
-1036
-1255
-929
-1120
-1388
-877
-925
-1102
-879
-1511
-1266
-916
-1484
-1305
-1376
-1021
-1518
-1519
-908
-893
-1212
-1091
-986
-1498
-1155
-1289
-902
-1443
-1276
-1418
-1089
-1330
-1172
-1111
-1136
-1468
-1165
-1537
-1536
-1126
-1400
-1479
-1178
-1313
-1248
-1486
-1229
-1132
-1118
-1098
-1278
-1064
-958
-1430
-1509
-1480
-1212
-1167
-1131
-1460
-1207
-1320
-1518
-991
-1484
-1401
-1261
-1434
-1509
-1046
-1357
-1394
-1402
-1116
-1084
-1183
-1311
-1179
-1269
-1443
-1410
-1112
-1090
-1259
-990
-1057
-1228
-1272
-1576
-1151
-1250
-1350
-1328
-1388
-1445
-1028
-1389
-1453
-1418
-1593
-1203
-978
-1004
-1345
-1187
-1241
-1587
-1472
-1542
-1537
-1263
-1418
-1015
-1573
-1225
-1461
-1508
-1188
-1608
-1119
-1578
-1258
-1533
-1522
-1145
-1217
-1602
-1621
-1609
-1262
-1505
-1221
-1223
-1412
-1372
-1270
-1098
-1550
-1253
-1341
-1183
-1431
-1390
-1521
-1604
-1502
-1401
-1078
-1380
-1254
-1452
-1176
-1078
-1563
-1537
-1268
-1493
-1066
-1201
-1640
-1204
-1131
-1657
-1053
-1565
-1452
-1609
-1344
-1194
-1623
-1417
-1077
-1673
-1624
-1282
-1367
-1124
-1507
-1396
-1195
-1666
-1559
-1295
-1323
-1317
-1529
-1240
-1088
-1545
-1107
-1172
-1408
-1619
-1561
-1647
-1147
-1105
-1102
-1569
-1292
-1529
-1389
-1088
-1643
-1438
-1617
-1484
-1096
-1539
-1674
-1424
-1163
-1367
-1502
-1194
-1465
-1703
-1690
-1230
-1333
-1305
-1510
-1386
-1354
-1318
-1126
-1255
-1428
-1100
-1510
-1424
-1737
-1449
-1630
-1263
-1606
-1299
-1161
-1147
-1128
-1551
-1653
-1552
-1152
-1502
-1242
-1349
-1460
-1463
-1557
-1705
-1665
-1356
-1408
-1538
-1321
-1581
-1589
-1623
-1453
-1171
-1271
-1386
-1498
-1671
-1184
-1337
-1367
-1397
-1376
-1142
-1681
-1164
-1674
-1183
-1767
-1200
-1163
-1606
-1377
-1741
-1582
-1456
-1397
-1655
-1322
-1420
-1609
-1730
-1782
-1505
-1269
-1294
-1509
-1413
-1363
-1751
-1271
-1635
-1503
-1694
-1759
-1580
-1416
-1324
-1552
-1796
-1475
-1559
-1205
-1589
-1185
-1453
-1712
-1433
-1702
-1542
-1633
-1405
-1315
-1469
-1536
-1639
-1594
-1385
-1673
-1471
-1291
-1537
-1572
-1659
-1307
-1381
-1632
-1805
-1708
-1607
-1788
-1352
-1610
-1783
-1565
-1331
-1670
-1762
-1395
-1830
-1768
-1392
-1741
-1522
-1267
-1857
-1535
-1823
-1603
-1271
-1489
-1815
-1852
-1752
-1270
-1846
-1393
-1778
-1451
-1592
-1870
-1503
-1295
-1573
-1661
-1359
-1882
-1697
-1822
-1688
-1763
-1313
-1791
-1294
-1326
-1581
-1486
-1686
-1665
-1814
-1621
-1376
-1502
-1765
-1849
-1466
-1822
-1561
-1797
-1445
-1297
-1652
-1324
-1779
-1276
-1280
-1849
-1485
-1868
-1760
-1860
-1905
-1660
-1484
-1304
-1551
-1648
-1337
-1821
-1459
-1873
-1854
-1767
-1352
-1744
-1908
-1590
-1767
-1414
-1397
-1525
-1813
-1741
-1342
-1557
-1552
-1766
-1321
-1394
-1305
-1579
-1849
-1488
-1694
-1940
-1907
-1848
-1806
-1352
-1736
-1487
-1787
-1406
-1877
-1868
-1351
-1678
-1455
-1726
-1417
-1595
-1351
-1716
-1912
-1418
-1914
-1795
-1738
-1697
-1841
-1722
-1898
-1462
-1666
-1896
-1582
-1882
-1848
-1626
-1975
-1793
-1965
-1837
-1566
-1473
-1718
-1833
-1604
-1887
-1989
-1873
-1850
-1398
-1799
-1824
-1591
-1393
-1769
-1453
-1670
-1457
-1410
-1584
-1943
-1833
-1604
-1418
-1913
-1484
-1405
-1592
-1762
-1954
-1894
-1705
-1962
-1393
-1642
-1916
-1977
-1622
-1395
-1546
-1904
-1996
-1906
-1427
-1997
-1447
-1737
-1814
-1676
-1530
-1439
-1603
-1633
-1838
-1889
-1479
-2039
-1490
-1552
-1585
-2001
-1872
-1540
-1536
-1777
-1529
-1878
-1958
-1445
-1915
-1481
-2051
-1729
-1822
-1681
-1482
-1573
-1797
-1531
-1755
-1493
-1467
-1924
-1601
-2000
-2064
-1760
-2011
-1683
-1777
-1546
-1967
-1874
-1790
-1620
-1997
-1481
-1890
-1869
-1864
-1901
-1758
-1979
-1695
-1510
-1573
-1819
-1638
-2043
-1495
-1694
-1707
-2086
-2030
-1476
-1546
-1563
-1952
-1671
-1783
-1992
-2104
-1510
-1768
-1969
-1615
-1750
-1899
-1737
-1802
-1982
-1648
-1794
-1681
-1593
-1869
-1994
-1983
-1543
-1754
-1934
-1952
-1850
-1625
-2074
-1648
-1858
-1951
-1589
-1850
-1712
-1807
-1881
-1825
-2030
-1544
-1674
-1732
-2052
-1921
-1780
-1814
-1524
-1818
-1718
-1621
-2080
-1686
-1641
-1774
-1717
-2156
-1872
-1588
-1657
-1642
-1548
-1786
-2088
-1955
-1626
-1565
-1928
-1536
-1725
-1624
-1711
-1948
-2172
-1658
-1616
-1718
-1807
-2145
-1569
-1708
-1620
-1635
-1645
-2068
-1858
-1999
-1921
-1587
-2092
-1870
-1670
-1862
-1702
-1747
-1935
-1699
-1714
-1677
-2129
-2173
-1636
-1652
-2063
-1893
-1847
-1920
-1888
-2153
-2085
-1863
-1804
-1844
-1773
-1794
-1933
-1704
-1886
-1907
-1976
-2178
-1833
-2123
-1763
-1877
-2041
-2082
-1955
-2193
-2130
-1939
-2209
-2214
-1636
-2138
-2201
-1803
-2151
-2200
-1941
-1813
-1741
-1763
-1978
-2118
-2222
-2035
-1942
-2162
-2006
-1667
-2202
-1640
-1810
-2200
-2003
-2197
-2077
-1975
-1866
-1946
-2055
-1977
-2161
-2017
-2237
-2091
-2009
-2121
-2170
-1652
-2126
-2037
-2002
-2003
-2250
-2217
-2142
-1831
-2276
-1650
-1844
-1726
-2114
-1985
-1980
-2047
-2267
-1817
-2229
-1980
-2163
-1934
-2196
-1810
-1840
-1936
-1756
-2056
-2153
-1708
-1871
-1718
-2291
-2010
-2284
-2173
-1671
-1843
-2079
-2096
-1884
-2309
-2051
-1840
-2052
-1836
-2076
-1902
-1758
-2002
-1686
-1818
-2132
-2202
-2167
-1797
-2089
-2209
-2101
-2115
-1957
-2032
-2145
-2337
-1839
-2185
-1836
-2196
-2269
-1995
-1943
-2069
-1813
-2222
-2314
-1912
-2240
-2309
-2124
-1790
-1828
-2007
-1762
-2152
-1859
-2169
-2196
-1991
-1903
-1866
-2161
-2108
-2059
-2052
-2107
-2166
-2282
-2012
-1980
-2276
-2330
-1758
-1747
-2358
-2211
-1811
-1823
-1924
-1836
-2155
-2149
-2096
-1797
-2358
-2248
-2393
-2293
-2060
-2140
-2252
-2312
-2253
-2366
-2389
-2175
-2137
-1799
-2089
-2277
-2060
-1962
-1961
-1980
-2082
-1894
-2161
-1771
-2410
-2170
-2413
-1847
-2204
-2351
-1886
-1958
-2198
-1800
-1841
-2341
-2332
-2053
-1839
-2262
-2199
-1934
-2404
-2225
-1838
-1851
-2078
-2029
-2051
-2259
-2008
-2392
-1851
-2324
-1909
-2170
-2268
-1904
-2115
-2403
-2207
-2174
-2119
-2129
-2097
-1962
-2222
-2346
-2327
-1975
-2428
-2203
-2319
-2301
-1872
-1827
-2036
-2306
-2187
-2279
-2179
-2343
-2072
-2403
-2172
-1925
-2043
-1976
-2155
-2144
-2280
-2342
-2056
-1951
-1914
-2195
-1923
-2425
-2172
-2109
-2236
-2058
-2161
-2375
-2094
-2188
-2427
-2346
-2081
-1873
-2330
-2102
-2294
-2259
-2407
-2362
-2337
-2039
-1898
-1953
-2507
-2038
-2083
-1880
-2059
-2327
-2488
-2486
-2514
-1883
-1881
-1999
-2255
-2304
-2296
-1979
-1955
-2431
-2521
-2326
-2366
-2242
-1948
-2359
-2444
-2279
-2339
-1934
-2335
-2036
-2140
-1931
-2326
-2169
-2372
-1951
-2421
-2080
-2117
-2549
-2434
-2536
-2296
-2447
-2285
-1930
-2150
-2150
-2474
-2429
-2249
-1947
-2198
-2418
-2154
-2400
-2329
-2248
-2048
-2350
-2251
-1949
-1967
-2038
-2487
-2403
-2192
-1968
-2350
-2423
-2020
-2278
-2073
-2179
-2230
-2300
-2560
-2258
-2538
-2270
-2248
-2235
-2424
-2317
-1999
-2580
-2049
-1969
-2316
-2596
-2511
-2032
-2378
-2555
-2075
-1964
-2565
-2518
-2174
-2177
-2405
-2483
-2448
-2255
-2169
-2520
-2226
-2098
-2599
-2008
-2022
-2271
-2403
-2458
-2430
-2523
-2222
-2579
-2257
-2428
-2385
-2141
-2126
-2267
-2522
-2260
-2572
-2400
-2051
-2118
-2570
-2411
-2331
-2447
-2373
-2259
-2406
-2089
-2403
-2186
-2380
-2587
-2202
-2181
-2558
-2132
-2194
-2299
-2061
-2269
-2023
-2210
-2243
-2316
-2174
-2369
-2134
-2031
-2451
-2661
-2394
-2354
-2629
-2620
-2158
-2291
-2561
-2103
-2206
-2572
-2241
-2522
-2172
-2160
-2576
-2271
-2592
-2627
-2489
-2374
-2432
-2468
-2075
-2119
-2469
-2683
-2355
-2665
-2478
-2070
-2166
-2167
-2494
-2409
-2493
-2412
-2517
-2152
-2492
-2262
-2089
-2493
-2300
-2572
-2190
-2285
-2133
-2556
-2345
-2669
-2290
-2420
-2550
-2319
-2130
-2374
-2333
-2347
-2219
-2662
-2590
-2107
-2642
-2162
-2727
-2513
-2686
-2460
-2416
-2658
-2596
-2592
-2231
-2216
-2144
-2654
-2104
-2440
-2359
-2383
-2616
-2598
-2254
-2666
-2304
-2616
-2609
-2579
-2179
-2374
-2740
-2392
-2541
-2271
-2753
-2261
-2427
-2656
-2350
-2163
-2445
-2306
-2451
-2631
-2609
-2653
-2550
-2265
-2699
-2636
-2163
-2292
-2415
-2513
-2778
-2545
-2705
-2490
-2195
-2455
-2518
-2426
-2415
-2589
-2738
-2576
-2714
-2731
-2255
-2338
-2678
-2371
-2722
-2438
-2306
-2695
-2289
-2519
-2668
-2262
-2779
-2332
-2628
-2269
-2181
-2181
-2767
-2699
-2365
-2799
-2527
-2295
-2736
-2469
-2708
-2737
-2527
-2739
-2576
-2462
-2193
-2312
-2521
-2657
-2265
-2240
-2491
-2742
-2654
-2699
-2830
-2624
-2461
-2401
-2396
-2757
-2530
-2461
-2803
-2390
-2352
-2265
-2600
-2338
-2631
-2335
-2471
-2574
-2361
-2307
-2540
-2237
-2430
-2405
-2579
-2328
-2407
-2842
-2403
-2309
-2828
-2779
-2354
-2756
-2377
-2827
-2543
-2791
-2637
-2598
-2291
-2472
-2250
-2758
-2842
-2263
-2536
-2537
-2594
-2441
-2292
-2384
-2417
-2667
-2456
-2638
-2849
-2806
-2746
-2753
-2290
-2810
-2711
-2512
-2274
-2403
-2740
-2455
-2577
-2423
-2779
-2722
-2751
-2357
-2501
-2386
-2780
-2795
-2808
-2788
-2768
-2556
-2494
-2909
-2354
-2476
-2571
-2449
-2693
-2908
-2919
-2642
-2576
-2457
-2868
-2874
-2379
-2600
-2866
-2939
-2466
-2464
-2564
-2626
-2545
-2737
-2512
-2474
-2721
-2330
-2921
-2377
-2734
-2417
-2421
-2347
-2419
-2821
-2460
-2452
-2961
-2791
-2872
-2462
-2407
-2427
-2380
-2686
-2414
-2701
-2761
-2734
-2640
-2944
-2714
-2555
-2766
-2961
-2865
-2690
-2835
-2954
-2629
-2459
-2967
-2662
-2436
-2446
-2513
-2523
-2857
-2796
-2436
-2959
-2831
-2873
-2954
-2868
-2875
-2511
-2726
-2731
-2549
-2860
-2824
-2615
-2839
-2741
-2678
-2585
-2481
-2582
-2920
-2995
-2393
-2865
-2396
-2636
-2825
-2726
-3018
-2520
-2676
-2477
-2983
-2980
-3016
-2572
-2883
-2443
-2477
-2901
-2459
-2958
-2787
-2615
-2755
-2735
-2632
-2658
-2487
-2668
-2684
-2710
-2648
-2893
-2878
-2852
-2533
-3035
-2412
-2902
-2921
-2715
-2632
-2909
-2904
-2670
-2501
-2552
-2697
-2470
-2470
-2926
-3060
-2713
-2955
-2929
-3066
-2761
-2572
-2676
-2719
-3009
-2654
-2752
-3059
-2812
-2577
-2819
-2629
-2476
-2496
-2798
-2981
-2709
-2598
-2985
-2482
-2482
-2516
-2541
-2963
-2952
-2509
-2932
-2774
-3047
-3006
-3098
-3037
-2699
-2857
-3019
-2485
-2947
-2545
-2800
-3103
-2594
-3033
-2759
-2681
-2790
-2787
-2489
-3016
-3081
-2722
-2580
-2954
-3007
-2620
-2506
-2754
-3020
-2525
-2891
-2890
-2777
-2918
-2963
-3101
-2629
-2729
-2717
-2969
-2744
-2714
-2743
-2979
-2750
-2528
-3038
-2884
-2720
-3147
-2598
-2939
-3051
-2589
-3078
-3014
-2648
-3083
-2918
-2588
-2634
-3079
-2744
-2881
-2547
-2913
-3091
-2695
-3148
-2958
-3006
-3144
-3081
-2937
-2964
-3173
-2684
-3173
-2766
-2760
-3041
-2947
-2971
-2770
-2759
-2966
-3032
-3169
-2657
-2778
-2902
-3152
-2786
-3032
-2658
-3081
-2692
-3035
-2977
-2693
-2639
-2843
-3010
-2725
-3046
-2866
-3201
-2924
-2710
-2655
-2841
-2814
-3024
-2722
-2802
-2657
-3079
-3163
-2788
-3094
-3055
-3038
-2863
-2957
-2994
-3194
-3011
-2993
-2641
-2715
-2911
-2746
-2819
-3002
-2665
-2840
-3181
-2982
-2896
-2751
-3192
-2887
-3012
-3020
-2875
-2783
-3176
-2876
-2761
-3034
-2720
-3211
-3027
-3214
-3177
-2658
-2742
-3229
-3252
-2941
-3124
-3125
-2836
-2986
-2703
-2946
-2773
-3223
-2676
-2907
-2938
-3138
-2680
-2675
-2901
-3034
-2904
-3244
-2988
-3139
-3037
-2929
-2904
-2847
-2654
-3203
-2796
-2710
-3152
-3231
-2850
-2799
-3101
-3085
-2671
-2763
-2870
-3175
-2996
-3117
-3189
-3140
-3220
-3016
-3048
-2784
-2990
-3207
-2761
-3130
-3003
-2812
-3121
-3017
-2674
-3298
-3281
-2715
-2940
-2763
-3224
-2950
-3258
-2945
-3188
-2706
-2683
-3264
-3273
-3046
-3173
-2696
-3251
-3225
-2994
-2735
-2875
-3120
-3151
-3159
-3266
-3272
-3115
-2784
-3313
-3232
-3258
-3303
-3165
-2994
-2921
-2722
-3318
-3128
-3117
-3108
-3255
-2799
-3052
-3042
-3297
-3102
-3082
-2959
-3340
-2740
-2880
-3239
-3270
-3267
-2961
-2935
-3221
-3337
-2755
-3350
-3212
-3256
-3121
-3260
-3305
-3166
-3212
-2987
-3242
-2761
-2848
-3198
-2745
-3225
-3291
-2851
-3052
-3347
-3188
-3111
-3276
-2970
-3378
-3317
-2943
-3315
-3291
-3193
-3002
-3386
-3255
-2875
-3363
-3205
-3019
-3202
-3272
-2818
-3220
-2848
-3072
-3333
-3270
-3342
-2916
-2837
-3035
-2840
-3354
-3144
-3219
-3317
-3271
-3142
-3094
-3209
-3336
-3380
-3029
-3203
-3333
-3241
-2959
-3429
-2935
-3012
-3292
-3369
-3004
-3409
-3427
-3037
-3371
-3318
-3121
-3287
-3339
-3259
-3256
-2941
-3269
-3174
-3005
-3047
-3258
-3271
-3125
-3265
-2972
-3226
-3006
-3378
-3149
-3204
-2980
-2871
-3096
-2897
-3056
-3175
-3264
-3351
-3338
-3305
-3110
-3393
-3160
-3416
-3281
-2935
-3419
-3279
-3225
-3481
-3327
-3194
-3001
-3473
-3042
-2957
-3488
-3028
-2991
-3473
-2944
-3334
-3344
-3245
-3424
-3267
-3064
-3138
-2930
-2866
-3169
-3114
-3063
-3176
-2914
-3146
-3175
-3438
-3320
-3167
-3269
-3188
-3281
-3053
-3187
-3519
-3340
-2896
-3325
-3052
-3504
-2947
-3022
-3351
-3117
-3029
-3498
-3483
-3467
-3488
-3005
-3311
-3352
-2956
-3087
-3002
-3330
-3097
-2978
-3194
-2976
-3323
-3153
-2993
-3420
-3478
-2926
-3028
-3269
-3316
-3278
-3449
-3246
-3004
-3366
-2970
-3481
-3304
-2948
-3191
-3238
-3543
-3457
-3262
-3438
-3534
-3230
-3153
-3207
-3198
-3380
-3373
-3104
-3130
-3085
-3486
-3512
-2972
-3222
-3209
-3147
-3565
-3459
-2998
-3348
-3280
-3068
-3361
-3283
-3042
-3350
-2997
-3008
-2990
-3114
-3450
-3276
-3295
-3445
-3312
-3468
-3292
-3294
-3474
-2980
-2999
-3112
-3292
-3052
-3160
-3381
-3293
-3134
-3216
-3398
-3344
-3271
-3125
-3299
-3037
-3050
-3599
-3011
-3417
-3434
-3519
-3551
-3617
-3109
-3622
-3167
-3271
-2997
-3632
-3471
-3557
-3159
-3219
-3462
-3162
-3209
-3266
-3273
-3371
-3061
-3648
-3377
-3383
-3165
-3028
-3324
-3508
-3064
-3518
-3157
-3565
-3490
-3380
-3386
-3593
-3585
-3124
-3133
-3128
-3229
-3141
-3390
-3459
-3402
-3441
-3251
-3431
-3459
-3576
-3236
-3538
-3132
-3683
-3103
-3672
-3664
-3298
-3290
-3424
-3317
-3085
-3537
-3609
-3591
-3682
-3359
-3402
-3083
-3403
-3348
-3334
-3499
-3392
-3684
-3555
-3668
-3546
-3140
-3612
-3252
-3355
-3410
-3598
-3245
-3147
-3084
-3238
-3179
-3425
-3082
-3257
-3590
-3097
-3181
-3459
-3247
-3476
-3695
-3108
-3352
-3621
-3184
-3396
-3256
-3460
-3148
-3255
-3290
-3655
-3145
-3435
-3166
-3666
-3106
-3550
-3206
-3365
-3740
-3748
-3376
-3753
-3485
-3450
-3385
-3555
-3320
-3405
-3678
-3138
-3291
-3418
-3598
-3200
-3488
-3464
-3264
-3209
-3717
-3484
-3536
-3636
-3592
-3448
-3305
-3559
-3246
-3737
-3273
-3187
-3545
-3488
-3676
-3659
-3401
-3258
-3181
-3240
-3768
-3149
-3714
-3526
-3333
-3300
-3464
-3413
-3597
-3633
-3705
-3431
-3430
-3637
-3375
-3594
-3600
-3589
-3400
-3457
-3249
-3755
-3198
-3642
-3496
-3652
-3467
-3585
-3596
-3372
-3241
-3567
-3646
-3300
-3551
-3605
-3285
-3648
-3430
-3439
-3415
-3289
-3514
-3238
-3696
-3509
-3203
-3688
-3748
-3635
-3205
-3273
-3622
-3504
-3355
-3505
-3327
-3574
-3298
-3400
-3224
-3243
-3513
-3289
-3369
-3456
-3388
-3234
-3267
-3557
-3836
-3855
-3700
-3613
-3500
-3813
-3285
-3564
-3225
-3395
-3486
-3348
-3606
-3773
-3661
-3278
-3750
-3299
-3354
-3295
-3549
-3569
-3643
-3763
-3851
-3368
-3406
-3877
-3437
-3543
-3386
-3435
-3325
-3686
-3698
-3535
-3759
-3861
-3325
-3554
-3374
-3584
-3478
-3695
-3326
-3276
-3790
-3772
-3681
-3562
-3470
-3823
-3540
-3408
-3649
-3543
-3715
-3504
-3295
-3386
-3668
-3780
-3772
-3824
-3770
-3313
-3308
-3731
-3573
-3382
-3352
-3796
-3931
-3402
-3528
-3912
-3501
-3795
-3743
-3752
-3654
-3308
-3871
-3747
-3573
-3530
-3552
-3542
-3464
-3338
-3552
-3360
-3530
-3565
-3577
-3709
-3716
-3804
-3339
-3412
-3371
-3700
-3862
-3796
-3708
-3720
-3804
-3828
-3617
-3341
-3458
-3706
-3363
-3404
-3936
-3860
-3599
-3761
-3796
-3639
-3795
-3886
-3972
-3855
-3618
-3706
-3746
-3425
-3630
-3423
-3549
-3927
-3606
-3978
-3587
-3753
-3790
-3652
-3816
-3509
-3949
-3419
-3884
-3381
-3618
-3399
-3478
-3676
-3674
-3633
-3578
-3880
-4008
-3597
-3753
-3900
-3538
-3880
-3385
-3510
-3813
-3629
-3562
-3602
-3403
-3830
-3826
-3718
-3770
-3617
-3802
-3477
-3484
-3790
-3850
-3712
-4015
-3801
-3742
-3929
-3733
-3759
-3976
-3581
-3894
-3460
-3998
-3828
-3563
-3506
-3837
-3457
-3985
-3594
-3540
-3659
-3940
-3551
-3594
-3527
-4022
-3418
-3494
-3553
-3592
-3956
-3557
-3941
-3701
-3599
-3970
-3941
-3608
-3914
-3976
-3521
-3487
-3613
-3732
-3550
-3565
-4081
-3535
-3460
-3567
-4080
-3830
-3946
-4087
-3789
-3926
-3788
-3771
-3465
-3662
-3577
-3646
-3883
-3650
-3795
-3675
-4047
-3757
-3628
-3947
-3798
-3773
-3569
-4086
-3784
-3501
-3525
-3961
-3586
-3575
-4028
-4052
-3553
-3475
-4013
-3614
-3845
-3909
-3903
-3988
-3995
-3618
-3976
-3997
-3543
-3508
-3521
-3890
-4103
-4126
-3495
-3816
-3753
-3587
-3513
-3726
-3625
-3507
-3727
-4012
-3582
-4111
-4133
-4024
-3597
-3660
-4095
-3882
-3854
-3942
-4043
-4113
-3707
-3735
-4142
-3582
-4062
-3596
-3948
-3939
-3958
-4060
-3579
-4040
-3911
-3753
-3940
-3826
-3597
-3638
-3635
-3651
-3982
-3948
-4083
-3812
-3788
-3808
-4135
-3798
-3845
-3942
-3855
-3744
-3813
-3848
-4130
-3817
-3863
-4190
-4112
-3817
-3790
-4188
-3904
-4081
-3574
-4019
-4061
-3611
-3585
-3776
-3918
-3647
-3722
-3704
-3732
-3922
-3651
-4088
-3919
-3918
-3775
-3618
-4184
-3629
-3808
-3686
-4108
-3785
-4153
-4173
-4195
-3878
-3622
-3800
-3788
-3814
-3661
-3812
-4111
-3782
-3760
-3623
-3702
-3673
-3627
-3655
-3822
-4108
-3856
-3837
-3938
-4152
-3800
-3868
-3840
-3644
-3845
-3654
-4157
-3896
-4088
-3986
-4145
-3800
-3780
-3746
-3972
-4168
-4234
-3637
-4214
-4196
-3632
-4174
-3885
-3918
-4049
-3918
-3762
-4128
-4223
-4141
-3975
-4008
-3666
-4170
-3760
-3971
-4103
-4122
-4181
-4093
-4143
-4051
-3835
-3967
-4158
-4270
-3711
-4015
-3687
-3962
-3987
-4163
-3703
-3910
-3901
-3925
-4057
-4218
-3721
-3904
-4089
-3945
-4162
-4264
-3681
-4042
-3887
-3959
-4218
-3831
-4040
-3894
-4245
-3972
-4299
-3702
-3867
-4074
-4135
-4035
-3923
-3883
-3774
-3905
-3880
-3711
-4252
-3968
-3777
-3980
-4319
-3756
-3910
-3770
-4289
-4334
-4063
-3730
-3765
-4041
-3791
-4224
-4226
-4282
-4301
-4280
-4272
-3949
-3747
-4243
-4340
-3894
-3789
-4123
-3816
-4044
-3902
-4303
-3984
-3919
-4225
-3901
-3985
-4047
-4111
-4204
-4280
-3877
-4096
-4181
-4146
-3926
-4157
-4166
-3752
-3910
-4237
-4360
-3757
-3852
-4385
-3882
-4383
-4252
-4032
-4127
-3978
-4394
-4106
-4268
-4369
-4084
-4166
-4001
-4203
-4137
-3854
-4328
-4372
-3816
-4257
-4340
-4309
-4321
-4245
-4275
-4027
-4015
-3800
-4110
-4119
-3982
-4028
-4376
-4076
-4093
-3931
-3868
-4351
-4260
-4014
-4265
-4280
-4204
-4005
-3898
-3992
-3886
-4301
-4252
-3898
-3932
-3860
-4059
-4373
-4009
-4122
-4218
-4061
-3929
-3886
-4443
-3978
-4437
-4308
-4007
-3877
-3888
-4126
-4431
-4362
-3854
-4176
-4102
-3994
-4155
-3824
-4449
-3836
-4004
-4191
-4303
-3974
-4451
-3957
-4470
-4355
-4398
-4286
-4178
-4158
-3951
-4032
-4040
-4066
-4379
-4483
-4027
-4179
-4452
-4260
-4490
-4479
-3874
-4046
-3853
-4488
-4306
-4157
-3888
-3892
-4033
-4312
-3933
-4101
-4049
-3923
-4040
-3898
-3994
-4225
-4465
-3985
-4306
-4094
-4396
-4357
-3913
-3911
-4192
-3885
-4113
-3924
-4229
-3900
-4389
-4208
-4361
-4382
-4105
-4517
-4476
-4496
-4048
-4011
-4528
-4230
-4487
-3997
-4382
-4475
-4149
-3958
-4222
-4412
-4540
-4305
-4215
-3919
-3935
-4322
-4246
-3916
-4527
-4344
-4259
-4361
-4245
-4118
-4228
-4256
-4004
-3958
-4521
-4313
-4134
-4214
-3943
-4508
-4017
-4091
-4570
-4160
-3995
-4332
-4262
-3941
-4489
-4010
-4359
-4451
-4534
-4190
-4071
-4168
-4320
-4151
-3945
-3954
-4521
-4111
-4518
-4058
-4404
-4379
-4088
-4305
-4589
-4085
-4023
-4568
-4057
-4424
-4426
-4445
-4192
-4184
-4206
-4216
-4239
-4470
-4241
-4322
-4259
-4306
-4518
-4209
-4607
-4007
-4561
-4488
-4319
-4340
-4172
-4428
-4048
-4542
-4260
-4367
-4485
-4612
-4620
-4172
-4460
-4430
-4234
-4388
-4584
-4189
-4508
-4635
-4215
-4108
-4070
-4012
-4332
-4157
-4617
-4533
-4471
-4434
-4473
-4169
-4080
-4432
-4432
-4172
-4097
-4500
-4386
-4521
-4469
-4582
-4221
-4212
-4577
-4393
-4571
-4300
-4288
-4220
-4233
-4043
-4652
-4302
-4125
-4313
-4063
-4662
-4320
-4153
-4323
-4393
-4094
-4449
-4349
-4448
-4205
-4469
-4203
-4605
-4178
-4387
-4691
-4526
-4283
-4472
-4260
-4084
-4680
-4679
-4241
-4481
-4238
-4174
-4561
-4701
-4222
-4299
-4116
-4096
-4198
-4696
-4290
-4475
-4365
-4264
-4358
-4538
-4710
-4528
-4689
-4319
-4383
-4722
-4488
-4680
-4326
-4140
-4122
-4647
-4212
-4673
-4303
-4432
-4354
-4650
-4696
-4645
-4487
-4116
-4565
-4223
-4265
-4381
-4283
-4737
-4585
-4427
-4740
-4497
-4469
-4465
-4137
-4687
-4244
-4373
-4693
-4425
-4467
-4251
-4715
-4561
-4237
-4385
-4453
-4174
-4734
-4143
-4595
-4350
-4545
-4313
-4592
-4598
-4162
-4441
-4539
-4494
-4717
-4647
-4550
-4610
-4621
-4659
-4308
-4260
-4718
-4617
-4297
-4694
-4365
-4470
-4510
-4753
-4424
-4509
-4430
-4659
-4565
-4565
-4590
-4544
-4627
-4749
-4554
-4279
-4343
-4176
-4628
-4683
-4511
-4570
-4397
-4487
-4766
-4776
-4384
-4729
-4454
-4198
-4435
-4443
-4584
-4270
-4212
-4281
-4349
-4749
-4705
-4428
-4740
-4368
-4533
-4352
-4731
-4773
-4339
-4429
-4456
-4579
-4601
-4826
-4255
-4311
-4468
-4441
-4259
-4307
-4676
-4691
-4573
-4244
-4216
-4517
-4643
-4286
-4219
-4553
-4302
-4679
-4274
-4820
-4312
-4694
-4787
-4818
-4363
-4653
-4848
-4378
-4808
-4416
-4581
-4348
-4829
-4587
-4432
-4718
-4546
-4504
-4496
-4833
-4630
-4331
-4516
-4571
-4466
-4395
-4411
-4488
-4649
-4387
-4615
-4815
-4413
-4647
-4619
-4592
-4529
-4441
-4553
-4295
-4732
-4552
-4796
-4898
-4363
-4862
-4501
-4302
-4568
-4343
-4537
-4435
-4275
-4786
-4488
-4915
-4903
-4831
-4307
-4397
-4708
-4855
-4903
-4813
-4707
-4575
-4745
-4517
-4604
-4401
-4565
-4308
-4582
-4771
-4388
-4882
-4880
-4939
-4437
-4423
-4399
-4483
-4577
-4864
-4784
-4767
-4670
-4597
-4487
-4815
-4429
-4351
-4706
-4804
-4528
-4830
-4897
-4791
-4654
-4658
-4341
-4554
-4582
-4880
-4741
-4390
-4395
-4829
-4818
-4863
-4940
-4497
-4703
-4882
-4782
-4507
-4586
-4675
-4530
-4825
-4462
-4844
-4894
-4952
-4742
-4891
-4453
-4747
-4668
-4711
-4668
-4864
-4585
-4735
-4819
-4489
-4743
-4657
-4638
-4636
-4823
-4745
-4419
-4903
-4638
-4858
-4434
-4415
-4792
-4486
-4467
-4480
-4553
-4479
-4449
-4598
-4596
-4664
-4888
-4485
-4945
-4611
-4609
-4627
-4412
-4912
-4420
-4620
-4648
-4925
-4888
-4892
-4565
-4827
-4954
-4966
-4620
-4438
-4895
-4658
-4626
-4963
-5042
-4707
-4729
-4730
-4798
-4997
-4603
-4509
-4907
-4735
-4591
-4548
-4584
-4966
-5048
-4968
-4858
-4864
-4525
-4530
-4473
-4999
-5063
-4537
-5031
-4519
-4574
-5035
-4888
-4917
-4802
-4626
-4788
-4677
-4946
-4803
-4473
-4922
-4454
-4802
-4883
-4929
-4801
-5058
-4774
-4794
-5006
-4967
-4732
-4620
-4849
-4753
-4711
-4708
-5071
-4963
-4979
-5098
-4959
-4505
-4781
-4936
-4774
-4784
-5052
-4500
-5006
-4709
-4822
-4532
-5013
-4597
-5020
-4881
-4882
-4532
-4650
-5046
-4605
-4943
-4690
-4969
-4896
-4896
-4660
-5089
-4882
-4701
-4639
-4505
-4614
-5061
-4808
-4529
-5072
-4934
-4854
-4908
-5000
-4514
-4988
-4927
-4715
-4598
-4906
-4720
-5125
-4858
-4608
-4608
-4551
-4514
-5033
-4920
-5125
-4765
-4872
-4955
-5054
-4540
-4971
-4550
-5153
-5065
-4766
-4707
-5070
-4732
-4717
-5066
-5008
-4728
-5094
-5126
-4565
-5007
-4970
-4541
-5082
-5117
-5096
-4777
-4837
-4850
-4862
-5050
-5059
-4599
-4958
-4858
-5168
-4700
-4915
-5196
-4648
-4975
-5057
-5199
-4864
-5139
-4657
-4563
-5172
-4791
-4824
-5148
-5000
-5014
-4613
-4727
-4981
-4801
-5144
-5153
-5109
-4638
-4735
-5116
-5177
-4673
-4821
-5167
-4913
-4727
-4604
-4917
-4759
-5189
-4726
-5165
-4614
-4832
-4956
-4976
-5142
-4791
-4619
-5028
-5160
-5035
-4648
-4856
-5041
-4665
-5187
-4982
-5021
-5188
-4633
-4774
-4744
-4956
-4706
-4847
-4782
-4702
-4989
-5234
-5229
-4698
-4656
-4676
-5219
-4722
-5100
-4922
-4647
-5052
-5128
-4966
-4871
-5057
-5156
-4695
-4671
-4865
-5040
-4970
-4853
-4832
-4806
-5254
-4861
-4732
-4729
-5196
-4977
-5042
-4742
-4939
-4939
-4907
-4775
-5090
-5255
-4773
-4681
-4671
-4868
-5064
-4746
-4864
-4693
-4980
-5133
-4776
-5069
-4752
-5030
-5143
-5087
-5103
-4901
-4776
-4932
-4710
-5154
-5007
-5046
-5160
-5025
-5265
-5134
-4913
-5158
-5307
-4992
-4992
-4860
-4994
-5134
-4930
-5021
-4809
-4868
-5305
-4866
-5073
-5078
-4894
-5287
-4910
-4834
-4909
-4992
-4891
-5325
-5124
-4765
-5111
-5184
-4771
-5025
-4769
-4851
-4833
-4994
-5195
-4905
-5353
-5155
-4780
-5286
-4956
-5297
-5167
-4902
-4915
-4844
-4817
-5140
-5331
-5280
-4965
-5327
-5179
-4749
-4852
-4953
-4920
-4975
-5063
-5071
-4802
-5088
-5264
-5359
-5350
-5253
-4968
-4797
-5094
-4967
-5390
-5224
-4775
-5200
-5107
-5063
-5368
-4924
-4791
-4806
-5075
-5352
-4916
-5234
-5111
-5245
-4775
-5018
-5147
-5184
-4792
-5200
-5294
-5281
-4806
-5178
-5263
-5029
-5201
-4966
-5320
-5334
-4941
-5352
-4997
-5210
-4946
-5003
-5053
-5096
-5003
-5168
-5169
-5282
-5347
-5185
-5051
-5393
-5067
-5274
-4983
-4852
-5362
-5218
-5234
-5157
-5415
-5097
-5021
-4977
-5038
-4835
-5435
-5007
-4914
-5010
-5050
-5143
-4932
-4872
-4847
-4849
-5283
-4875
-5079
-5105
-5097
-5340
-5355
-5197
-4983
-5300
-4913
-5307
-4919
-5350
-5312
-5024
-5074
-5238
-5439
-5027
-5439
-4951
-4875
-5253
-5476
-4853
-5456
-4856
-4927
-4971
-5307
-4887
-5179
-5404
-4938
-5177
-5052
-4966
-5044
-5067
-5063
-4923
-5202
-4896
-5421
-5028
-5203
-5116
-5428
-5195
-5140
-5512
-5303
-4918
-5291
-5313
-4898
-5008
-5377
-5120
-4944
-5395
-5307
-5315
-5366
-5188
-5171
-5300
-5326
-5443
-5329
-4940
-5162
-5399
-5298
-5114
-5472
-5429
-5278
-4909
-5498
-5389
-5423
-5433
-5012
-5421
-5438
-5095
-5017
-5033
-4961
-4922
-5228
-5158
-5447
-5356
-5329
-5255
-4947
-5142
-5206
-5281
-5487
-4939
-5368
-5024
-5154
-5396
-5349
-5456
-5412
-5184
-5527
-5146
-5092
-5010
-5154
-5383
-5461
-5164
-5359
-5552
-5438
-5279
-5090
-5224
-5066
-5491
-5161
-5017
-5204
-5023
-5024
-5492
-5225
-5329
-5527
-5530
-4965
-5331
-5309
-5391
-5548
-5105
-5137
-5398
-5094
-5400
-5149
-5281
-5486
-5066
-5402
-5300
-5200
-5143
-5476
-5607
-5232
-5159
-5582
-5387
-5333
-5610
-5428
-5193
-5545
-4994
-4999
-5522
-5259
-5414
-5529
-5148
-5535
-5538
-5011
-5304
-5368
-5415
-5445
-5329
-5106
-5033
-5548
-5364
-5051
-5112
-5332
-5478
-5325
-5502
-5402
-5115
-5337
-5600
-5040
-5233
-5364
-5328
-5069
-5585
-5216
-5466
-5363
-5599
-5350
-5147
-5062
-5156
-5181
-5223
-5381
-5308
-5131
-5464
-5524
-5494
-5118
-5359
-5097
-5622
-5452
-5358
-5056
-5449
-5583
-5691
-5084
-5633
-5345
-5144
-5326
-5502
-5651
-5587
-5124
-5658
-5148
-5522
-5587
-5121
-5182
-5546
-5598
-5679
-5088
-5533
-5582
-5124
-5207
-5442
-5345
-5301
-5537
-5701
-5615
-5411
-5104
-5303
-5479
-5617
-5497
-5403
-5541
-5428
-5544
-5360
-5547
-5173
-5213
-5667
-5350
-5495
-5632
-5459
-5602
-5701
-5349
-5431
-5277
-5524
-5747
-5151
-5746
-5191
-5362
-5138
-5128
-5513
-5208
-5700
-5386
-5485
-5451
-5414
-5408
-5628
-5742
-5471
-5621
-5181
-5363
-5532
-5728
-5393
-5516
-5192
-5396
-5422
-5776
-5347
-5468
-5706
-5730
-5306
-5697
-5764
-5589
-5780
-5529
-5168
-5497
-5496
-5334
-5442
-5682
-5553
-5382
-5724
-5775
-5365
-5418
-5410
-5421
-5490
-5351
-5731
-5798
-5496
-5429
-5726
-5371
-5227
-5587
-5409
-5505
-5233
-5526
-5527
-5290
-5692
-5528
-5484
-5336
-5223
-5815
-5388
-5711
-5458
-5285
-5663
-5596
-5596
-5454
-5788
-5819
-5263
-5641
-5233
-5353
-5539
-5224
-5557
-5420
-5805
-5384
-5272
-5564
-5429
-5399
-5337
-5449
-5547
-5627
-5221
-5549
-5298
-5762
-5637
-5374
-5701
-5479
-5847
-5273
-5301
-5509
-5743
-5748
-5483
-5281
-5489
-5699
-5407
-5737
-5433
-5301
-5612
-5654
-5293
-5550
-5707
-5610
-5551
-5495
-5527
-5566
-5451
-5546
-5378
-5507
-5594
-5402
-5267
-5316
-5558
-5544
-5844
-5333
-5256
-5876
-5261
-5303
-5424
-5301
-5407
-5732
-5661
-5807
-5849
-5889
-5665
-5725
-5465
-5819
-5273
-5333
-5371
-5519
-5614
-5276
-5622
-5297
-5578
-5650
-5584
-5309
-5542
-5911
-5775
-5428
-5410
-5572
-5554
-5679
-5633
-5563
-5856
-5854
-5438
-5790
-5819
-5719
-5781
-5447
-5852
-5439
-5671
-5919
-5513
-5389
-5836
-5460
-5743
-5593
-5401
-5457
-5664
-5892
-5664
-5750
-5824
-5513
-5491
-5730
-5362
-5582
-5687
-5838
-5924
-5751
-5642
-5897
-5390
-5696
-5753
-5734
-5793
-5853
-5377
-5833
-5459
-5651
-5530
-5798
-5606
-5445
-5440
-5761
-5686
-5895
-5347
-5446
-5556
-5568
-5956
-5455
-5903
-5855
-5988
-5426
-5663
-5543
-5515
-5782
-5721
-5415
-5911
-5710
-5828
-5603
-5808
-5978
-5396
-5633
-5498
-5478
-5992
-5652
-5575
-5725
-5971
-5602
-5860
-5582
-5871
-5458
-5677
-5483
-5767
-5786
-5632
-5537
-5856
-5584
-5941
-5599
-5977
-5411
-5508
-5492
-5823
-5809
-5674
-5983
-6018
-5686
-5990
-5902
-5474
-6020
-5925
-5433
-5513
-5753
-5720
-5694
-5477
-5759
-5512
-5725
-5746
-5683
-6058
-5608
-6050
-5673
-5915
-5852
-5503
-5489
-5830
-5537
-5591
-5847
-5869
-5983
-5674
-5449
-5572
-5597
-5749
-5783
-5640
-6004
-5551
-5842
-5564
-5865
-5885
-5893
-5561
-5575
-5982
-5563
-5740
-5705
-5921
-6079
-6000
-5564
-5498
-5951
-5804
-5738
-5823
-5465
-5492
-6007
-5662
-5485
-5599
-5848
-5837
-6067
-5999
-5757
-5681
-5840
-5787
-5957
-5982
-6070
-5656
-5903
-6101
-6064
-5975
-5804
-5599
-5829
-6002
-5643
-5835
-6125
-5753
-5876
-5705
-5884
-5496
-5510
-5752
-5573
-6123
-5580
-5860
-5956
-5677
-5591
-6014
-6106
-5772
-5556
-5606
-5599
-5909
-5816
-5628
-5828
-6105
-5633
-5702
-5781
-6134
-5603
-5561
-5860
-6124
-5946
-5684
-6125
-5615
-5871
-5694
-5968
-5784
-6013
-5665
-5817
-5703
-5684
-5746
-6124
-5910
-5724
-5787
-5649
-5731
-5641
-6091
-6175
-6069
-5912
-5708
-6006
-5852
-6028
-5922
-5913
-5931
-5585
-6195
-5911
-5927
-5870
-5600
-6001
-5819
-5873
-5785
-5794
-6151
-5946
-6103
-5878
-5853
-6183
-5879
-5683
-5910
-6074
-6196
-6221
-6026
-5807
-6133
-5671
-5808
-5845
-6185
-5653
-6006
-5916
-5888
-6214
-5811
-6160
-6133
-5964
-5968
-6138
-6067
-6005
-5784
-5753
-6179
-5639
-6023
-5937
-5865
-5657
-6095
-6078
-6231
-5645
-5770
-6175
-5826
-6058
-5740
-6159
-5979
-5796
-6014
-5755
-6193
-5825
-5927
-5913
-6121
-5816
-6242
-5861
-5791
-6212
-5698
-5845
-6133
-5682
-5799
-6038
-5809
-5970
-6250
-6226
-5906
-5695
-6049
-5961
-6023
-5936
-6188
-5787
-5777
-6110
-5931
-5738
-6041
-5707
-5859
-6101
-5754
-6117
-5842
-6151
-5827
-5974
-6114
-6129
-5764
-6309
-5818
-6083
-6155
-5877
-6112
-5766
-5962
-5780
-6140
-5910
-6183
-6212
-6101
-6104
-6279
-5810
-6002
-5964
-6203
-5922
-5751
-6324
-6259
-6003
-6009
-5732
-6031
-5715
-5934
-6069
-6261
-6336
-6134
-5813
-6238
-5932
-6157
-6128
-5802
-6251
-6085
-5869
-6104
-6224
-5857
-5855
-5852
-6063
-6145
-6011
-5962
-5899
-6158
-6347
-6193
-6266
-5771
-6048
-6212
-6145
-5928
-6144
-6023
-6056
-6192
-6329
-5845
-5943
-6317
-6229
-6038
-5868
-6120
-6027
-5759
-6081
-6385
-6306
-6132
-5749
-6202
-5834
-5992
-6100
-6209
-6156
-5778
-6207
-6157
-6197
-6226
-5898
-5762
-5871
-5961
-5985
-5838
-6022
-6362
-5797
-5776
-6069
-6114
-6305
-6057
-6162
-6351
-6284
-6100
-5991
-5783
-6020
-6263
-6317
-6384
-5868
-5997
-6255
-6291
-5889
-6144
-6328
-6396
-6396
-6136
-6406
-5974
-5966
-6434
-6324
-6211
-5855
-5967
-6299
-5992
-6354
-6119
-6160
-5977
-6314
-5978
-5987
-5929
-6166
-6384
-6063
-6003
-5984
-6014
-6029
-6027
-5964
-6085
-6310
-5912
-5940
-6002
-5930
-6360
-5900
-6380
-5862
-5996
-6219
-5911
-6122
-6252
-6325
-5948
-6006
-6392
-6217
-6270
-6468
-6107
-6002
-6045
-6355
-6241
-6391
-6235
-5870
-5915
-6349
-6090
-6395
-6094
-6417
-6220
-6225
-6048
-6209
-5897
-6247
-5882
-6290
-6283
-6271
-6447
-6333
-6273
-5992
-6014
-6100
-6484
-6058
-6333
-6159
-6403
-6336
-6424
-6008
-6459
-6220
-5913
-6150
-6070
-6349
-6039
-6493
-6336
-6004
-6150
-6215
-6191
-6026
-6416
-6526
-6286
-6117
-6475
-6178
-6035
-6365
-6201
-6294
-6486
-5950
-6163
-6175
-6513
-6391
-6398
-6144
-6545
-6002
-6211
-6493
-6219
-6009
-6142
-6411
-6225
-6003
-6406
-6070
-6339
-6272
-6185
-6302
-6199
-5968
-6240
-6101
-6228
-6057
-6505
-6149
-6054
-6025
-6380
-6390
-5945
-6159
-6161
-5963
-6057
-6523
-6511
-6188
-6305
-6294
-6187
-6546
-6370
-6219
-6276
-6263
-6071
-6065
-6078
-6092
-6189
-6038
-6278
-6376
-5975
-5995
-6473
-6299
-6362
-6426
-6382
-6101
-6309
-6266
-6386
-6060
-6613
-6029
-6397
-6424
-6273
-6508
-6616
-6346
-6351
-6553
-6022
-6253
-6059
-6034
-6213
-6185
-6576
-6190
-6242
-6291
-6530
-6295
-6262
-6324
-6230
-6265
-6553
-6488
-6192
-6412
-6570
-6213
-6144
-6422
-6103
-6423
-6081
-6320
-6392
-6590
-6160
-6591
-6499
-6575
-6636
-6622
-6254
-6060
-6249
-6371
-6108
-6331
-6600
-6362
-6490
-6430
-6300
-6110
-6152
-6256
-6513
-6418
-6074
-6275
-6552
-6168
-6046
-6648
-6372
-6083
-6390
-6392
-6325
-6483
-6657
-6256
-6307
-6477
-6581
-6380
-6339
-6271
-6288
-6383
-6649
-6597
-6410
-6452
-6672
-6461
-6226
-6578
-6609
-6161
-6239
-6223
-6248
-6616
-6233
-6521
-6294
-6245
-6287
-6590
-6316
-6205
-6595
-6636
-6593
-6170
-6250
-6093
-6220
-6517
-6192
-6533
-6297
-6707
-6195
-6243
-6195
-6297
-6624
-6592
-6638
-6621
-6645
-6707
-6330
-6112
-6360
-6232
-6710
-6676
-6150
-6151
-6402
-6264
-6132
-6384
-6398
-6123
-6293
-6585
-6550
-6750
-6490
-6617
-6166
-6539
-6312
-6358
-6153
-6234
-6305
-6737
-6639
-6244
-6731
-6412
-6752
-6265
-6511
-6440
-6209
-6398
-6643
-6681
-6376
-6241
-6307
-6535
-6418
-6215
-6435
-6462
-6660
-6692
-6687
-6525
-6414
-6157
-6411
-6229
-6528
-6198
-6217
-6365
-6531
-6636
-6792
-6576
-6169
-6320
-6430
-6383
-6443
-6440
-6319
-6630
-6388
-6312
-6631
-6227
-6548
-6328
-6475
-6732
-6640
-6747
-6206
-6827
-6489
-6515
-6635
-6704
-6523
-6643
-6436
-6428
-6764
-6575
-6627
-6384
-6589
-6411
-6303
-6808
-6436
-6260
-6671
-6768
-6363
-6239
-6439
-6507
-6852
-6363
-6301
-6562
-6376
-6562
-6545
-6400
-6407
-6537
-6378
-6301
-6860
-6314
-6589
-6759
-6299
-6569
-6425
-6649
-6367
-6862
-6600
-6467
-6696
-6777
-6559
-6372
-6864
-6562
-6252
-6777
-6780
-6300
-6424
-6851
-6704
-6598
-6250
-6642
-6867
-6332
-6677
-6642
-6892
-6781
-6674
-6399
-6510
-6473
-6865
-6291
-6544
-6769
-6891
-6898
-6558
-6817
-6770
-6641
-6387
-6714
-6721
-6314
-6582
-6748
-6490
-6836
-6587
-6580
-6607
-6548
-6516
-6844
-6927
-6420
-6514
-6867
-6386
-6427
-6754
-6521
-6398
-6400
-6691
-6600
-6346
-6713
-6811
-6563
-6419
-6665
-6823
-6851
-6618
-6422
-6929
-6318
-6401
-6734
-6875
-6564
-6320
-6598
-6938
-6814
-6854
-6464
-6380
-6926
-6601
-6953
-6812
-6333
-6694
-6367
-6389
-6819
-6811
-6771
-6418
-6570
-6773
-6770
-6403
-6929
-6677
-6477
-6685
-6470
-6592
-6769
-6863
-6955
-6973
-6834
-6707
-6755
-6425
-6388
-6666
-6738
-6891
-6987
-6441
-6944
-6777
-6368
-6456
-6399
-6833
-6694
-6651
-6641
-6771
-6559
-6952
-6452
-6381
-6455
-6540
-7013
-6968
-6995
-6721
-6652
-6383
-6432
-6588
-7015
-6897
-6603
-6861
-7027
-6835
-6468
-6492
-6858
-6690
-6510
-6640
-6512
-6659
-6770
-6706
-6513
-6600
-6713
-7040
-7034
-6488
-6896
-6808
-6502
-7025
-6660
-6753
-6457
-6665
-6691
-6509
-6565
-6837
-6622
-6841
-6878
-6561
-6643
-6717
-6802
-6966
-6606
-6931
-6443
-6436
-6732
-6500
-6537
-6682
-7009
-6882
-6980
-6686
-6545
-6518
-6765
-6605
-6891
-7016
-6815
-6593
-7081
-6819
-6490
-6579
-6585
-6559
-6804
-6806
-6687
-6838
-7094
-6743
-6492
-6987
-6778
-6626
-6596
-6939
-6813
-6644
-6576
-6658
-6662
-6841
-7007
-6737
-6671
-6813
-6524
-6545
-6541
-6956
-7042
-7111
-6620
-7033
-7044
-6637
-6900
-7068
-6486
-7083
-6494
-6986
-7016
-6708
-6814
-6573
-6544
-6853
-6915
-7003
-7105
-6829
-6756
-6854
-6526
-6876
-7114
-7009
-6584
-6520
-7132
-6886
-7007
-6948
-6720
-6748
-6572
-6536
-6512
-6530
-6639
-6691
-7136
-7082
-6943
-6669
-6924
-6573
-7163
-6902
-6698
-7106
-7098
-6960
-6723
-6711
-6781
-7021
-6631
-6606
-6843
-6935
-6640
-6556
-6982
-7067
-7026
-6567
-6760
-6844
-6718
-6545
-6614
-6557
-7058
-7147
-6669
-6898
-7158
-6876
-7044
-6784
-7006
-7083
-6811
-7099
-6879
-6894
-7158
-6738
-6905
-6962
-7014
-6916
-7135
-6822
-6970
-7121
-6837
-6619
-6931
-6905
-6758
-6740
-7202
-7075
-6885
-6709
-7008
-6816
-7060
-7118
-7194
-6769
-6885
-7155
-6921
-6717
-6921
-6887
-6662
-6802
-7026
-6761
-6785
-6982
-6697
-6993
-7006
-7074
-6987
-7058
-6977
-6738
-6759
-6922
-7146
-6800
-7079
-6817
-7149
-6644
-7202
-6917
-6702
-7077
-6761
-6911
-7237
-6701
-6911
-7162
-6791
-7146
-7137
-7203
-7093
-6724
-7076
-6993
-6679
-6699
-6856
-7207
-7191
-6823
-7043
-6982
-6787
-6784
-7267
-6903
-6901
-7175
-7073
-7139
-7017
-6667
-7282
-7022
-6744
-7242
-6984
-6984
-7261
-6718
-6809
-7022
-6801
-6888
-6805
-6869
-7277
-7254
-7218
-7058
-7301
-7286
-6692
-6977
-7125
-7069
-7077
-6681
-6756
-7135
-6716
-6990
-7072
-6767
-7072
-6758
-6809
-7210
-7158
-7160
-6833
-6787
-7063
-6963
-7251
-7194
-6955
-7141
-7218
-6753
-7064
-6954
-7073
-7023
-7187
-6997
-7286
-6885
-6826
-7152
-6881
-7279
-7089
-7201
-7040
-7052
-7310
-7331
-6800
-6782
-6732
-6737
-7064
-6840
-7220
-7283
-7332
-7103
-7072
-6754
-6935
-7191
-7086
-7156
-7037
-7018
-7013
-7354
-6766
-6831
-7301
-6883
-7009
-7280
-6878
-7234
-7006
-7100
-7004
-7122
-7272
-7029
-6945
-7362
-7211
-7374
-7048
-6782
-7175
-6766
-6993
-7375
-6837
-7179
-6851
-7146
-6994
-6971
-7048
-6968
-7293
-7359
-6810
-7326
-7331
-7199
-7367
-7385
-7279
-7381
-7094
-7138
-7132
-6832
-7092
-7412
-6882
-7376
-6881
-7149
-7085
-7341
-6834
-7182
-6976
-7166
-7156
-7346
-7099
-6800
-7244
-7388
-7376
-7320
-7171
-6848
-7347
-6969
-6813
-7416
-7380
-6956
-7410
-7026
-7381
-7401
-7099
-6839
-7258
-7289
-7453
-7098
-7276
-6883
-7235
-7183
-6869
-7456
-7446
-7252
-7138
-7131
-7283
-7079
-7167
-7129
-7137
-7017
-7195
-7310
-7016
-7339
-7296
-7115
-6981
-7096
-7409
-7278
-7208
-6874
-7432
-6960
-7447
-6867
-7010
-6901
-7027
-6878
-6959
-7374
-6917
-7420
-7299
-7455
-7030
-6872
-7134
-6949
-7271
-6961
-7100
-7324
-7428
-6925
-7261
-6945
-7357
-7151
-7381
-7198
-6950
-6885
-6909
-7509
-7250
-6964
-7335
-7437
-7482
-7506
-7213
-7046
-7065
-7432
-7032
-7143
-7516
-7061
-7283
-7399
-7490
-7183
-7204
-7096
-7124
-7402
-7495
-7151
-7230
-7339
-7311
-6934
-7248
-7192
-7062
-6995
-7232
-7055
-7410
-7281
-7314
-7151
-6955
-7212
-7455
-7567
-7136
-7080
-7114
-7207
-6935
-7538
-6964
-7306
-7027
-7186
-7103
-7458
-7375
-7064
-7362
-7301
-7119
-7111
-7538
-7165
-7526
-7195
-6954
-7539
-7292
-6958
-7210
-7521
-7537
-7171
-7570
-7163
-7000
-7184
-7079
-7555
-7409
-7124
-7214
-7012
-7043
-7391
-7254
-7481
-7383
-7435
-7195
-7375
-7068
-7579
-7236
-7490
-7407
-7210
-7466
-7109
-7272
-7399
-7597
-7010
-7534
-7557
-7360
-7342
-7325
-7366
-7501
-7055
-7061
-7622
-7078
-7271
-7270
-7351
-7592
-7631
-7514
-7036
-7380
-7288
-7514
-7431
-7576
-7434
-7282
-7482
-7363
-7375
-7476
-7412
-7358
-7505
-7089
-7201
-7403
-7117
-7401
-7464
-7528
-7559
-7399
-7594
-7502
-7267
-7408
-7670
-7144
-7499
-7478
-7397
-7356
-7154
-7451
-7336
-7331
-7443
-7162
-7602
-7353
-7485
-7505
-7125
-7380
-7153
-7636
-7269
-7541
-7286
-7507
-7464
-7239
-7146
-7534
-7360
-7100
-7333
-7471
-7074
-7120
-7405
-7500
-7503
-7181
-7317
-7478
-7483
-7390
-7391
-7634
-7292
-7246
-7145
-7692
-7519
-7453
-7182
-7585
-7212
-7599
-7419
-7089
-7558
-7111
-7282
-7674
-7211
-7398
-7266
-7652
-7451
-7234
-7611
-7192
-7440
-7438
-7642
-7535
-7493
-7642
-7423
-7708
-7587
-7508
-7335
-7327
-7209
-7680
-7304
-7718
-7660
-7348
-7221
-7346
-7446
-7586
-7224
-7558
-7229
-7364
-7752
-7173
-7178
-7451
-7181
-7207
-7250
-7648
-7163
-7454
-7272
-7464
-7410
-7292
-7566
-7388
-7683
-7366
-7649
-7754
-7586
-7551
-7520
-7453
-7517
-7638
-7374
-7286
-7774
-7628
-7201
-7516
-7234
-7206
-7495
-7787
-7669
-7759
-7431
-7340
-7570
-7336
-7558
-7522
-7190
-7779
-7263
-7347
-7583
-7530
-7188
-7256
-7782
-7693
-7420
-7365
-7288
-7700
-7406
-7690
-7768
-7784
-7319
-7493
-7677
-7328
-7319
-7527
-7218
-7578
-7383
-7801
-7481
-7627
-7278
-7652
-7658
-7601
-7679
-7472
-7254
-7227
-7846
-7248
-7645
-7512
-7633
-7682
-7750
-7488
-7781
-7659
-7789
-7512
-7427
-7736
-7681
-7423
-7653
-7285
-7709
-7353
-7242
-7415
-7231
-7536
-7550
-7516
-7768
-7638
-7564
-7717
-7794
-7288
-7832
-7659
-7365
-7423
-7720
-7402
-7735
-7340
-7667
-7778
-7583
-7355
-7884
-7302
-7618
-7277
-7592
-7778
-7497
-7438
-7797
-7464
-7462
-7559
-7826
-7366
-7718
-7673
-7330
-7441
-7541
-7797
-7619
-7714
-7397
-7331
-7785
-7490
-7860
-7779
-7750
-7727
-7628
-7364
-7900
-7494
-7591
-7315
-7713
-7735
-7832
-7681
-7477
-7378
-7488
-7626
-7887
-7652
-7816
-7753
-7707
-7359
-7569
-7448
-7424
-7661
-7900
-7423
-7464
-7384
-7828
-7792
-7583
-7902
-7714
-7629
-7731
-7699
-7531
-7764
-7793
-7588
-7875
-7927
-7700
-7729
-7583
-7947
-7402
-7515
-7423
-7878
-7888
-7871
-7862
-7436
-7701
-7384
-7616
-7728
-7612
-7491
-7649
-7511
-7802
-7798
-7882
-7663
-7878
-7635
-7519
-7800
-7907
-7621
-7516
-7388
-7578
-7886
-7916
-7541
-7727
-7974
-7877
-7869
-7421
-7773
-7908
-7867
-7931
-7465
-7411
-7613
-7752
-7834
-7628
-7892
-7667
-7929
-7450
-7639
-7629
-7722
-7727
-7916
-7750
-7558
-8020
-7790
-7854
-7407
-7911
-7882
-7664
-7938
-7618
-7723
-7490
-8005
-7938
-7735
-7885
-7441
-7614
-7502
-7508
-7554
-7851
-7862
-7806
-7495
-7848
-7633
-7883
-7462
-7468
-7798
-7865
-7456
-7561
-7814
-7783
-7892
-7716
-7803
-7916
-7906
-7892
-7565
-7975
-7775
-7845
-7602
-7936
-7434
-7617
-7480
-7472
-7792
-7936
-7548
-7683
-8040
-8058
-7472
-7495
-7888
-8066
-7798
-8061
-7540
-7603
-7501
-7681
-7587
-7680
-7952
-8089
-7509
-8054
-8013
-7826
-7812
-8075
-7845
-7944
-7657
-7703
-7943
-7780
-7943
-8110
-7767
-7590
-7620
-7898
-7571
-8076
-7596
-7576
-8078
-7870
-7481
-7986
-7929
-7496
-7734
-7734
-7729
-7894
-8087
-7846
-7688
-7523
-7557
-8034
-7848
-7998
-7731
-7815
-7718
-7758
-7938
-7734
-8093
-7529
-7620
-8032
-8141
-7511
-7623
-7649
-7557
-7968
-8005
-7798
-7760
-7633
-7784
-7978
-7561
-8158
-7997
-7821
-7779
-7543
-7617
-7811
-7743
-7778
-7725
-7567
-7808
-7892
-7603
-7657
-7890
-8027
-7882
-7602
-7675
-8110
-7804
-7866
-7761
-7826
-7872
-7783
-8127
-7635
-7836
-8046
-7668
-7893
-7680
-7827
-7642
-7840
-7896
-7720
-8194
-7790
-7921
-7903
-7752
-7826
-7602
-8191
-8202
-8088
-7967
-8099
-8097
-8128
-7871
-7844
-7607
-7872
-7648
-7634
-7753
-7596
-7907
-7840
-8151
-8160
-8080
-8129
-7707
-8091
-7943
-7714
-8032
-8019
-7665
-8168
-8183
-8150
-8035
-7808
-8114
-7795
-7686
-8157
-7606
-8015
-7863
-7862
-8086
-8098
-8076
-7836
-7783
-7897
-8013
-7665
-8106
-7938
-8204
-7659
-7686
-8043
-7688
-7775
-8216
-8190
-8217
-7763
-8165
-8108
-8031
-7721
-7895
-7793
-7916
-7799
-7813
-7701
-7811
-8127
-7670
-8104
-8259
-8208
-7747
-7984
-7968
-7747
-8152
-8240
-7886
-7704
-7676
-7784
-7821
-8020
-7671
-7775
-8208
-8185
-8046
-7951
-7826
-7914
-7862
-7890
-7915
-7784
-8268
-8074
-7958
-8075
-8017
-7865
-7897
-7690
-8000
-7756
-8274
-8007
-7893
-8160
-8006
-8289
-7985
-7867
-7708
-7776
-7816
-7804
-7943
-8177
-8256
-8060
-7927
-8044
-7737
-8023
-8224
-8307
-7790
-8336
-8242
-8025
-7872
-8207
-8224
-8247
-8192
-8275
-7973
-7938
-8031
-7887
-7808
-7748
-8297
-7901
-7782
-8278
-7898
-8008
-8257
-7928
-7847
-7824
-7844
-8262
-8287
-7764
-8161
-7738
-7900
-7816
-7830
-7785
-8179
-8266
-7930
-8143
-7938
-8330
-8039
-7821
-7944
-7843
-7988
-8338
-7940
-8214
-8212
-8219
-8082
-8184
-7998
-7925
-8146
-7823
-7787
-7914
-8110
-8123
-7836
-7788
-8358
-8177
-7902
-8269
-8392
-7916
-8129
-8347
-8272
-8142
-8381
-7808
-7787
-7898
-7974
-7813
-8052
-8232
-8057
-8180
-8074
-7935
-8186
-8392
-8329
-8011
-7826
-8195
-7868
-8397
-7807
-8414
-8063
-8058
-7984
-8267
-8441
-7978
-8291
-8171
-8082
-8419
-8110
-7844
-7821
-8228
-7903
-7983
-7915
-8045
-7834
-8406
-8364
-8017
-8273
-8239
-8193
-8198
-8193
-8175
-8408
-8131
-8398
-7960
-8447
-8426
-8147
-8126
-8213
-8090
-8236
-8062
-7901
-8329
-8241
-7918
-8189
-8101
-7921
-7917
-8483
-8009
-8297
-7953
-8201
-8268
-7980
-8061
-8303
-8323
-8100
-7949
-8157
-8482
-8022
-8339
-8106
-8499
-8025
-8377
-8014
-8242
-8380
-7988
-8081
-8484
-8145
-8158
-8114
-8250
-8163
-8274
-8472
-8342
-8343
-7950
-8254
-8383
-8149
-8378
-8264
-8049
-8209
-7993
-8125
-8237
-8147
-8439
-7964
-8153
-8023
-8086
-8028
-8255
-8478
-8189
-8360
-8531
-8234
-7964
-7954
-8240
-8032
-8018
-8525
-8477
-8069
-7950
-8248
-8321
-8293
-8046
-8330
-8417
-8122
-8073
-8520
-8130
-8490
-8003
-8241
-8171
-8389
-8516
-8277
-8317
-7995
-8526
-8430
-7959
-8421
-8056
-8219
-8010
-8571
-8524
-8235
-8501
-8003
-7988
-8113
-8349
-8545
-8294
-8524
-7966
-8071
-8492
-8287
-8574
-8202
-8552
-8034
-8261
-8172
-8441
-8246
-8255
-8350
-8603
-8509
-7997
-8493
-8270
-8229
-8392
-8480
-8431
-8184
-8521
-8455
-8383
-8599
-8377
-8005
-8064
-8046
-8463
-8513
-8135
-8196
-8232
-8050
-8217
-8208
-8527
-8213
-8441
-8152
-8192
-8215
-8080
-8471
-8329
-8246
-8239
-8422
-8048
-8023
-8586
-8572
-8151
-8312
-8408
-8537
-8053
-8465
-8029
-8405
-8398
-8339
-8473
-8656
-8428
-8392
-8490
-8111
-8146
-8043
-8292
-8269
-8195
-8273
-8647
-8260
-8418
-8593
-8292
-8503
-8424
-8625
-8410
-8413
-8121
-8170
-8477
-8072
-8361
-8477
-8492
-8559
-8059
-8308
-8509
-8198
-8228
-8670
-8558
-8582
-8472
-8399
-8190
-8671
-8538
-8511
-8575
-8145
-8074
-8690
-8590
-8659
-8144
-8326
-8623
-8638
-8430
-8568
-8420
-8477
-8506
-8200
-8561
-8098
-8318
-8541
-8371
-8476
-8483
-8145
-8346
-8425
-8508
-8701
-8481
-8669
-8585
-8327
-8364
-8449
-8604
-8188
-8216
-8577
-8289
-8719
-8567
-8259
-8490
-8607
-8114
-8724
-8511
-8387
-8349
-8410
-8253
-8382
-8515
-8171
-8553
-8381
-8381
-8338
-8654
-8125
-8424
-8510
-8628
-8528
-8546
-8548
-8385
-8432
-8339
-8711
-8480
-8639
-8523
-8572
-8462
-8427
-8405
-8415
-8434
-8569
-8464
-8657
-8507
-8473
-8381
-8687
-8606
-8480
-8524
-8687
-8161
-8637
-8268
-8342
-8562
-8449
-8547
-8607
-8157
-8525
-8550
-8354
-8471
-8238
-8610
-8514
-8558
-8583
-8755
-8661
-8215
-8485
-8315
-8484
-8182
-8341
-8532
-8626
-8201
-8542
-8356
-8310
-8644
-8533
-8323
-8547
-8340
-8424
-8693
-8540
-8743
-8439
-8717
-8519
-8315
-8249
-8289
-8355
-8491
-8515
-8235
-8542
-8526
-8250
-8237
-8795
-8632
-8500
-8824
-8330
-8757
-8761
-8825
-8258
-8634
-8834
-8672
-8553
-8358
-8671
-8687
-8849
-8708
-8405
-8615
-8380
-8230
-8661
-8587
-8491
-8459
-8749
-8485
-8468
-8488
-8307
-8847
-8752
-8350
-8368
-8517
-8450
-8675
-8335
-8825
-8490
-8360
-8437
-8437
-8410
-8631
-8794
-8849
-8589
-8425
-8757
-8498
-8430
-8568
-8519
-8721
-8692
-8518
-8794
-8328
-8864
-8661
-8760
-8743
-8499
-8312
-8531
-8392
-8782
-8734
-8322
-8582
-8359
-8831
-8315
-8488
-8410
-8520
-8747
-8296
-8801
-8428
-8789
-8734
-8351
-8801
-8351
-8294
-8852
-8867
-8605
-8739
-8489
-8405
-8713
-8443
-8636
-8388
-8419
-8654
-8371
-8760
-8431
-8876
-8493
-8881
-8683
-8927
-8873
-8471
-8432
-8731
-8373
-8465
-8564
-8754
-8897
-8565
-8947
-8777
-8517
-8328
-8411
-8773
-8507
-8684
-8740
-8725
-8949
-8735
-8936
-8887
-8674
-8797
-8831
-8646
-8970
-8360
-8516
-8639
-8843
-8527
-8431
-8922
-8523
-8386
-8937
-8373
-8491
-8796
-8365
-8518
-8711
-8472
-8481
-8766
-8647
-8387
-8469
-8374
-8871
-8416
-8840
-8713
-8720
-8570
-8397
-8894
-8448
-8874
-8516
-8897
-8881
-8861
-8625
-8641
-8982
-8690
-8703
-8837
-8608
-8834
-8933
-8979
-8818
-8960
-8987
-8590
-8432
-8556
-8468
-8892
-8824
-8685
-8752
-8447
-8777
-8447
-8418
-8884
-8654
-8925
-8768
-8437
-9043
-8853
-8512
-8826
-8685
-8907
-8863
-8646
-8489
-8512
-8922
-8526
-8892
-8782
-8577
-8650
-8464
-8990
-8503
-8934
-8440
-8714
-8627
-8443
-8454
-9015
-8672
-8811
-8726
-8502
-9032
-8440
-9073
-8625
-8513
-8883
-8658
-8489
-8986
-8501
-8511
-8951
-8660
-8824
-8512
-9070
-9075
-9042
-8515
-8558
-8526
-8835
-9098
-8485
-8728
-8873
-8762
-8527
-8511
-8736
-9031
-8856
-9007
-8726
-8645
-8904
-8485
-8601
-8716
-8912
-8988
-9020
-8592
-8841
-8686
-8845
-8508
-9121
-8875
-8723
-9066
-8911
-9070
-9100
-8840
-8790
-9037
-9128
-8627
-8557
-8705
-8941
-8619
-8651
-8957
-8536
-8573
-8778
-9020
-8621
-8521
-9092
-8818
-8795
-8973
-8526
-9050
-8991
-8596
-8820
-8820
-8949
-8554
-8818
-8630
-8578
-8606
-8742
-9110
-9071
-8563
-9053
-9101
-8615
-8723
-8748
-8639
-8703
-8550
-8906
-9171
-8901
-9055
-8949
-9041
-8615
-8768
-8598
-8869
-9000
-8859
-8815
-9190
-8633
-8661
-9115
-8822
-8909
-8572
-8604
-8626
-9034
-8879
-9065
-8585
-8731
-8600
-8630
-9126
-9086
-9162
-9033
-8814
-9194
-9000
-8783
-9034
-8898
-8749
-9208
-8610
-9171
-8805
-8666
-9020
-9085
-8841
-8827
-9020
-9071
-8754
-8587
-8898
-9130
-9090
-8598
-8772
-8662
-9030
-8634
-8683
-8903
-9166
-8814
-8939
-8712
-8859
-9114
-9229
-8753
-8640
-9143
-9191
-9064
-8689
-9171
-8647
-9010
-8763
-9061
-8807
-8897
-9080
-8673
-9150
-9258
-8676
-9101
-9253
-8904
-9052
-9127
-9149
-8637
-8801
-8766
-8959
-9174
-9181
-9151
-8664
-9015
-8974
-9119
-8755
-8863
-8993
-9224
-9035
-9250
-9074
-8740
-9017
-9116
-9193
-8803
-8735
-9080
-9006
-9057
-8711
-8691
-9283
-8791
-8901
-9197
-8698
-9078
-9226
-9185
-9045
-9184
-8903
-9312
-9152
-8984
-8856
-8967
-9226
-9044
-8873
-9198
-8897
-8972
-8942
-9315
-9214
-8734
-8982
-9104
-8806
-9223
-8764
-8927
-8788
-9267
-8772
-9277
-8873
-9050
-9200
-9295
-8857
-9325
-9255
-9128
-9233
-8938
-9100
-9284
-9244
-9209
-9157
-8946
-9098
-9353
-8846
-8985
-9045
-9062
-8932
-8763
-9025
-9137
-9182
-9038
-8917
-9223
-9011
-9096
-8817
-8869
-8836
-9332
-8936
-9361
-8977
-9355
-8864
-8745
-9330
-8938
-9278
-9179
-9172
-8812
-8872
-9015
-8813
-8867
-8764
-8805
-8898
-8928
-8822
-8833
-9062
-9060
-9283
-8885
-9397
-9007
-9264
-9036
-8916
-8874
-8986
-9214
-8767
-9029
-8947
-8788
-9132
-8919
-8978
-8790
-9257
-8813
-9019
-9223
-8828
-8779
-9127
-9268
-9055
-9089
-8915
-8821
-8944
-8883
-9098
-9238
-8946
-9070
-9056
-9292
-8991
-9341
-9191
-9201
-8818
-8956
-8922
-9210
-9314
-8928
-9379
-8871
-9328
-9354
-8807
-9402
-9449
-9444
-9410
-8876
-8861
-9080
-9423
-9425
-9337
-9401
-9126
-9069
-9138
-9391
-9382
-9093
-9063
-9451
-9380
-9078
-9367
-8843
-9069
-9345
-9234
-9062
-9037
-9068
-9173
-9466
-8962
-8952
-8946
-9046
-8922
-8979
-9337
-8915
-8891
-9009
-9386
-8890
-9096
-8864
-9368
-9086
-9219
-9339
-9318
-9059
-9221
-9411
-9427
-9340
-8994
-9278
-9087
-8922
-9421
-9315
-9454
-9116
-9352
-8925
-9375
-9410
-9023
-9325
-8991
-9277
-9046
-8940
-9421
-9513
-9462
-9264
-9138
-8943
-9217
-9219
-9219
-9089
-9167
-9311
-8917
-9084
-9363
-9183
-8984
-9225
-9416
-9171
-9522
-9394
-9517
-9107
-9197
-9285
-8960
-8962
-9252
-9066
-9048
-9467
-9030
-9276
-9387
-9382
-9222
-9030
-9518
-8947
-9003
-9048
-9558
-9313
-9515
-9002
-9539
-8973
-9130
-9372
-9445
-9217
-8967
-8945
-9266
-9261
-8939
-9313
-9370
-9251
-9401
-9492
-9018
-9521
-9382
-9307
-9276
-9379
-9514
-9104
-9417
-9573
-9227
-9078
-9455
-9211
-9572
-9196
-9543
-9467
-9022
-9257
-9000
-9471
-9188
-8980
-9030
-9269
-9196
-9514
-9388
-9251
-9176
-9588
-9490
-9491
-9568
-9197
-9372
-9188
-9138
-9219
-9497
-9169
-9074
-9270
-9628
-9068
-9194
-9333
-9028
-9262
-9121
-9538
-9237
-9013
-9074
-9079
-9254
-9555
-9154
-9627
-9503
-9265
-9281
-9496
-9029
-9410
-9574
-9081
-9235
-9587
-9410
-9239
-9071
-9421
-9027
-9407
-9145
-9103
-9136
-9073
-9219
-9392
-9083
-9268
-9201
-9165
-9397
-9439
-9215
-9310
-9474
-9617
-9499
-9584
-9514
-9244
-9054
-9649
-9175
-9468
-9307
-9641
-9672
-9480
-9227
-9563
-9468
-9610
-9374
-9398
-9329
-9059
-9648
-9257
-9058
-9371
-9467
-9267
-9652
-9324
-9199
-9209
-9418
-9656
-9578
-9077
-9191
-9176
-9111
-9122
-9360
-9713
-9352
-9109
-9572
-9451
-9414
-9361
-9697
-9433
-9541
-9151
-9380
-9228
-9714
-9357
-9535
-9243
-9600
-9096
-9314
-9174
-9481
-9531
-9200
-9222
-9248
-9355
-9133
-9224
-9491
-9262
-9622
-9723
-9385
-9599
-9596
-9184
-9271
-9605
-9464
-9644
-9748
-9743
-9297
-9171
-9675
-9599
-9558
-9269
-9481
-9209
-9450
-9143
-9524
-9714
-9505
-9437
-9671
-9446
-9573
-9158
-9658
-9235
-9771
-9508
-9484
-9479
-9394
-9572
-9689
-9274
-9588
-9511
-9491
-9149
-9771
-9589
-9633
-9212
-9577
-9657
-9763
-9419
-9171
-9726
-9280
-9210
-9801
-9198
-9166
-9456
-9431
-9227
-9510
-9201
-9727
-9259
-9395
-9652
-9678
-9229
-9194
-9178
-9247
-9723
-9417
-9566
-9444
-9258
-9500
-9628
-9817
-9577
-9683
-9501
-9801
-9674
-9644
-9323
-9666
-9696
-9602
-9672
-9467
-9203
-9710
-9780
-9682
-9549
-9712
-9686
-9413
-9751
-9817
-9660
-9796
-9678
-9574
-9626
-9795
-9334
-9764
-9649
-9284
-9750
-9690
-9276
-9705
-9236
-9301
-9382
-9418
-9382
-9739
-9791
-9552
-9563
-9427
-9312
-9617
-9459
-9461
-9475
-9409
-9491
-9718
-9687
-9372
-9333
-9795
-9615
-9544
-9313
-9788
-9685
-9733
-9377
-9761
-9602
-9552
-9542
-9646
-9478
-9733
-9334
-9660
-9626
-9821
-9776
-9373
-9811
-9426
-9745
-9573
-9293
-9812
-9637
-9348
-9680
-9379
-9380
-9796
-9287
-9354
-9442
-9567
-9309
-9855
-9711
-9907
-9643
-9646
-9575
-9319
-9757
-9344
-9464
-9457
-9844
-9790
-9727
-9547
-9598
-9874
-9503
-9332
-9720
-9794
-9885
-9865
-9630
-9696
-9567
-9827
-9717
-9496
-9764
-9575
-9608
-9345
-9523
-9683
-9485
-9364
-9481
-9842
-9490
-9598
-9728
-9710
-9780
-9465
-9759
-9570
-9649
-9535
-9880
-9391
-9375
-9662
-9506
-9545
-9568
-9572
-9930
-9427
-9858
-9387
-9379
-9903
-9941
-9714
-9431
-9765
-9588
-9518
-9632
-9859
-9772
-9396
-9546
-9793
-9480
-9959
-9944
-9748
-9430
-9568
-9795
-9611
-9633
-9649
-9848
-9913
-9503
-9914
-9910
-9405
-9403
-9383
-9405
-9430
-9578
-9494
-9848
-9746
-9794
-9463
-9967
-9872
-10019
-10016
-9706
-9966
-9769
-9486
-9479
-9397
-9604
-9739
-9630
-9895
-9770
-9755
-9768
-9999
-9596
-9532
-9804
-9836
-9781
-9483
-9580
-9483
-9659
-10025
-9528
-9953
-9776
-9596
-9433
-9640
-9435
-9538
-9462
-9488
-9450
-9971
-9539
-9503
-9489
-9892
-9596
-10017
-9976
-9901
-9986
-10023
-9906
-9878
-9815
-9800
-9731
-9565
-9650
-9526
-9992
-10019
-10061
-9560
-10066
-9694
-9979
-10038
-9953
-9688
-9827
-10060
-9940
-9475
-9493
-9961
-9586
-9991
-9634
-10074
-10006
-9881
-10100
-9730
-9902
-9653
-9546
-10086
-9755
-9736
-9544
-9972
-10053
-9583
-9916
-10019
-9553
-9648
-9618
-9949
-9875
-9662
-9622
-9504
-9582
-9724
-10024
-9884
-9648
-10104
-9873
-9600
-9594
-9641
-9610
-9504
-9795
-9612
-9578
-9704
-10010
-9707
-9750
-9753
-10046
-9914
-9610
-9760
-10071
-9588
-10119
-9776
-9719
-9552
-9585
-9575
-9975
-9997
-9932
-9749
-9620
-10118
-9608
-10070
-9542
-9560
-9642
-9891
-9777
-9863
-9874
-9698
-9759
-10086
-9928
-10110
-9994
-9821
-10022
-9607
-9572
-9938
-10163
-9581
-10148
-9561
-9611
-10144
-9692
-9923
-9611
-9879
-9674
-10076
-9763
-10069
-9767
-9898
-9885
-10068
-9697
-9963
-10180
-10127
-9564
-9862
-9717
-9848
-9626
-9694
-10105
-9587
-10058
-9754
-9992
-10139
-9947
-9966
-10032
-9843
-10114
-9613
-10141
-9923
-10127
-10222
-10062
-9697
-9692
-9853
-10163
-9958
-10121
-10013
-9778
-9845
-9838
-9884
-9605
-10049
-10066
-9787
-10013
-9904
-9900
-9834
-9827
-9657
-10097
-9651
-9970
-9966
-10089
-9723
-9669
-9867
-9804
-9758
-9850
-10187
-10028
-9975
-9996
-10234
-9765
-9646
-10159
-9671
-9647
-9968
-10078
-9892
-9844
-9938
-10022
-10229
-9888
-9908
-10210
-10026
-9874
-10063
-9686
-10228
-9723
-9744
-10194
-9808
-9849
-9961
-10246
-9923
-9835
-9807
-9925
-9659
-9773
-9946
-9737
-10137
-9994
-9946
-9868
-10081
-10233
-9984
-10258
-9669
-9689
-10183
-10250
-9902
-9765
-10005
-10090
-10150
-10256
-10152
-9991
-9893
-9905
-9710
-10187
-9862
-9962
-9757
-9789
-10287
-9982
-10064
-9723
-9927
-10155
-9906
-10136
-10043
-10052
-9978
-9896
-9970
-9777
-9804
-9920
-9807
-9776
-9953
-10339
-9997
-10014
-9763
-10159
-10052
-10307
-9914
-9789
-9855
-9800
-10316
-9723
-9851
-10302
-9857
-9793
-9916
-10245
-10000
-10200
-10198
-10033
-10203
-9984
-9778
-10054
-9889
-9863
-9857
-10047
-10147
-9993
-10253
-10013
-9841
-10210
-10259
-9970
-10301
-10266
-10215
-10053
-10006
-10216
-9757
-10001
-10072
-10087
-9769
-10020
-9833
-9866
-9842
-10037
-10402
-9831
-9917
-10336
-10230
-10381
-9890
-10023
-10321
-9801
-10055
-9953
-9777
-10044
-10071
-9968
-10014
-9882
-10032
-10406
-10403
-10253
-9921
-10268
-10196
-10125
-10334
-9810
-10358
-10258
-10200
-9830
-10270
-10362
-10039
-9957
-9851
-9927
-10249
-9947
-10122
-10238
-9892
-10352
-10318
-9875
-9971
-9931
-9960
-10379
-10441
-9972
-10369
-10056
-10362
-10274
-10264
-10317
-9958
-10428
-10101
-10403
-10153
-10295
-9955
-10170
-9934
-10175
-9968
-10203
-10264
-10375
-10428
-10215
-10297
-9968
-10423
-9947
-10412
-10232
-9950
-9969
-10452
-10411
-10449
-10191
-10118
-10411
-10210
-10054
-9961
-10407
-9896
-10294
-10127
-10101
-10202
-10385
-9962
-10213
-10241
-10093
-10180
-9980
-10507
-10103
-10145
-10291
-9930
-10233
-9948
-10337
-10050
-10402
-10210
-10065
-10202
-10461
-10317
-10083
-10415
-10269
-10080
-10413
-10326
-10226
-9952
-10193
-10478
-10209
-10200
-10481
-10074
-10153
-10109
-10277
-10059
-10027
-9937
-10110
-9965
-9906
-9968
-10486
-10238
-10474
-10139
-10441
-9939
-10190
-10322
-10012
-10264
-10047
-10129
-10058
-10002
-10310
-10541
-10443
-9962
-10259
-10411
-10410
-10319
-10232
-10213
-9987
-10260
-10479
-10449
-10358
-10492
-10312
-10552
-10274
-10516
-10370
-10499
-10049
-10228
-10575
-10424
-10555
-10429
-10385
-10465
-10060
-10458
-10539
-9971
-10280
-10128
-10497
-10089
-10119
-10542
-10542
-10353
-10035
-10224
-10056
-10450
-10407
-10559
-10183
-10133
-10336
-10565
-10194
-10397
-10539
-10273
-10431
-10414
-10592
-10469
-10018
-10470
-10047
-10371
-10053
-10197
-10369
-10192
-10010
-10387
-10206
-10374
-10220
-10243
-10124
-10422
-10276
-10164
-10575
-10048
-10143
-10351
-10462
-10286
-10199
-10630
-10181
-10284
-10471
-10015
-10336
-10220
-10393
-10424
-10131
-10033
-10536
-10345
-10300
-10514
-10048
-10095
-10142
-10122
-10444
-10499
-10649
-10502
-10662
-10206
-10136
-10173
-10353
-10123
-10185
-10364
-10574
-10677
-10243
-10242
-10635
-10443
-10140
-10321
-10213
-10172
-10098
-10598
-10575
-10359
-10156
-10545
-10556
-10426
-10174
-10541
-10460
-10064
-10386
-10346
-10607
-10490
-10232
-10402
-10425
-10335
-10217
-10477
-10206
-10578
-10284
-10667
-10396
-10391
-10146
-10517
-10159
-10510
-10503
-10665
-10487
-10524
-10081
-10699
-10351
-10541
-10285
-10388
-10532
-10274
-10192
-10271
-10162
-10499
-10591
-10695
-10711
-10238
-10289
-10272
-10362
-10108
-10302
-10366
-10347
-10356
-10211
-10728
-10675
-10649
-10578
-10389
-10386
-10176
-10284
-10220
-10187
-10519
-10180
-10469
-10619
-10529
-10623
-10158
-10703
-10151
-10577
-10266
-10744
-10701
-10701
-10619
-10592
-10364
-10654
-10440
-10541
-10428
-10213
-10311
-10152
-10238
-10650
-10142
-10542
-10629
-10176
-10256
-10274
-10612
-10462
-10500
-10495
-10448
-10304
-10483
-10306
-10383
-10689
-10712
-10491
-10463
-10277
-10440
-10177
-10703
-10733
-10329
-10342
-10364
-10283
-10444
-10580
-10322
-10562
-10575
-10412
-10243
-10343
-10799
-10381
-10702
-10576
-10398
-10280
-10544
-10484
-10299
-10783
-10204
-10724
-10399
-10763
-10481
-10523
-10371
-10591
-10705
-10634
-10417
-10649
-10584
-10803
-10459
-10343
-10825
-10413
-10244
-10590
-10272
-10614
-10624
-10286
-10722
-10285
-10465
-10326
-10639
-10602
-10289
-10623
-10713
-10621
-10303
-10519
-10306
-10517
-10348
-10701
-10274
-10699
-10431
-10770
-10357
-10238
-10506
-10318
-10601
-10338
-10618
-10287
-10490
-10329
-10416
-10781
-10610
-10441
-10882
-10626
-10842
-10809
-10663
-10439
-10453
-10630
-10338
-10325
-10310
-10874
-10895
-10388
-10724
-10664
-10669
-10634
-10548
-10572
-10532
-10436
-10276
-10652
-10693
-10515
-10787
-10698
-10741
-10503
-10328
-10861
-10466
-10386
-10652
-10546
-10309
-10389
-10723
-10470
-10658
-10344
-10689
-10527
-10410
-10351
-10873
-10409
-10928
-10910
-10652
-10337
-10315
-10298
-10565
-10710
-10793
-10877
-10552
-10572
-10502
-10577
-10930
-10505
-10683
-10925
-10814
-10647
-10605
-10479
-10386
-10836
-10326
-10730
-10699
-10558
-10399
-10390
-10657
-10656
-10855
-10411
-10930
-10387
-10673
-10654
-10422
-10464
-10433
-10808
-10653
-10443
-10435
-10663
-10922
-10839
-10597
-10607
-10433
-10679
-10961
-10654
-10721
-10456
-10476
-10692
-10678
-10631
-10900
-10711
-10571
-10726
-10581
-10451
-10498
-10507
-10540
-10574
-10708
-10449
-10407
-10605
-10940
-10608
-10392
-10605
-10514
-10768
-10389
-10622
-11014
-10957
-10780
-10575
-10819
-10957
-10452
-10694
-10932
-10879
-10823
-10473
-10867
-10941
-10788
-10886
-10925
-10737
-10521
-10663
-10450
-10548
-10921
-10639
-10690
-10737
-10557
-10888
-10607
-10610
-10993
-10902
-10515
-10871
-10736
-10480
-10711
-10760
-10718
-10817
-11009
-10834
-10653
-10928
-10982
-10710
-10657
-11017
-10861
-10993
-10724
-10557
-11019
-11026
-10986
-10995
-10799
-10682
-10434
-10946
-10612
-10551
-10882
-11063
-10969
-10852
-10867
-10542
-10512
-10787
-11019
-11032
-10978
-11060
-10469
-11031
-10716
-10502
-10565
-10954
-11004
-11045
-10944
-10679
-11062
-10536
-10489
-10602
-10704
-10786
-10536
-10615
-10486
-10531
-10490
-10960
-10530
-10991
-10595
-11087
-10874
-10754
-10536
-10816
-10777
-10503
-10700
-10958
-10756
-10541
-11052
-10904
-10710
-10696
-10647
-10533
-10756
-10559
-11099
-11046
-10649
-10792
-11098
-10636
-10816
-10814
-10638
-10791
-10723
-11105
-10672
-10580
-10796
-10755
-10899
-11004
-10757
-11085
-10884
-11042
-10714
-11071
-10697
-10756
-10881
-10526
-10972
-10706
-10984
-11072
-10852
-10589
-10846
-10781
-10813
-10690
-11144
-10885
-10617
-10867
-10986
-10958
-10785
-10688
-10564
-10742
-10964
-10971
-10720
-10946
-10869
-10844
-10738
-10840
-10906
-11011
-10816
-10789
-11153
-10993
-10848
-11161
-10844
-10796
-11116
-10786
-11078
-11041
-10934
-10961
-10840
-10678
-11107
-11130
-10896
-10881
-10971
-11076
-10892
-11109
-11100
-10645
-10864
-10729
-10845
-10994
-11004
-10820
-11028
-11189
-10979
-11048
-10806
-10954
-10875
-10650
-11010
-10994
-10792
-11111
-10938
-10779
-10823
-10966
-10648
-10698
-11091
-10943
-10970
-11040
-10908
-11026
-11001
-10612
-11213
-10962
-10964
-11132
-10794
-10868
-10747
-10934
-10803
-10897
-10620
-11009
-10649
-10733
-10865
-10670
-11016
-11078
-10703
-10871
-11035
-10778
-11033
-10833
-10776
-11105
-11136
-11250
-11218
-10649
-11117
-10997
-11225
-10745
-11264
-10977
-10986
-11159
-10665
-11002
-11035
-11222
-10693
-10707
-10868
-10859
-10655
-11145
-11224
-11026
-10672
-11190
-11111
-11274
-11102
-11230
-11056
-11092
-10828
-11175
-10861
-11000
-11268
-11195
-11041
-11088
-11013
-10867
-10923
-10837
-10752
-11026
-11040
-10738
-11038
-10783
-11257
-11130
-11095
-11206
-10928
-11209
-11193
-10707
-10896
-11319
-11231
-10830
-10841
-10923
-11323
-10918
-11269
-10876
-11284
-10752
-11183
-11170
-10709
-11121
-10997
-11325
-10723
-11051
-10852
-11325
-11316
-10915
-11012
-11276
-10848
-11050
-10843
-10780
-10844
-11012
-11089
-11126
-11268
-11349
-11047
-11276
-10819
-11072
-11036
-10995
-10981
-10856
-11348
-10821
-10804
-10866
-11134
-10992
-11093
-11220
-11293
-11368
-11084
-10823
-11201
-11246
-10754
-10991
-10913
-11241
-10970
-11056
-10942
-10990
-11144
-11332
-10833
-11263
-11366
-11011
-11218
-11287
-10990
-11250
-11110
-11262
-11032
-10787
-11337
-11143
-11339
-10780
-11212
-10794
-11211
-10829
-11059
-11004
-10897
-10869
-11132
-10968
-10916
-10834
-10808
-11296
-11086
-10910
-10904
-11245
-10831
-11156
-11381
-10951
-11411
-11111
-11144
-11309
-10872
-11037
-11183
-11079
-10888
-10896
-10961
-11144
-10979
-11301
-11339
-10816
-11337
-11176
-10998
-11053
-11224
-11343
-10838
-11368
-11133
-11187
-11191
-11361
-11342
-10954
-10971
-11254
-10913
-10887
-11286
-10967
-11195
-10861
-10948
-11381
-11296
-10914
-11024
-11069
-11476
-11483
-11193
-11406
-11146
-11439
-10991
-11167
-11082
-11034
-11261
-11009
-10948
-11233
-11379
-11475
-11484
-11295
-11005
-10986
-11413
-11081
-11333
-11379
-10979
-10982
-11141
-11319
-10926
-11032
-11368
-11414
-10969
-10934
-11060
-11259
-11144
-11339
-10943
-11334
-11024
-11213
-11299
-11074
-11246
-11483
-11036
-10973
-11469
-11101
-11055
-11262
-11505
-11236
-11082
-11121
-11323
-11387
-11470
-11104
-11469
-11112
-11115
-11267
-11224
-11121
-11331
-11067
-11218
-11189
-11333
-10955
-10964
-11334
-11106
-11068
-11033
-11026
-11130
-11098
-11295
-11302
-11525
-11098
-11110
-11111
-11362
-11526
-11267
-11316
-11357
-11002
-11399
-10990
-11522
-11463
-11171
-11515
-10945
-11482
-11422
-10985
-11494
-10949
-11302
-11255
-11569
-11394
-11080
-11100
-11480
-11466
-11233
-11591
-11118
-11497
-11453
-11409
-10966
-11382
-11061
-11050
-10980
-11407
-11290
-11275
-11603
-11174
-11434
-11191
-11242
-11123
-11583
-11302
-11454
-11396
-11264
-11093
-11146
-11097
-11013
-11451
-11098
-11096
-11297
-11054
-11220
-11034
-11464
-11309
-11188
-11527
-11367
-11444
-11340
-11452
-11134
-11519
-11270
-11620
-11234
-11076
-11159
-11353
-11588
-11367
-11044
-11202
-11614
-11437
-11201
-11544
-11367
-11593
-11017
-11171
-11136
-11374
-11417
-11244
-11084
-11033
-11504
-11653
-11416
-11392
-11324
-11307
-11500
-11125
-11465
-11215
-11180
-11200
-11667
-11538
-11267
-11594
-11261
-11269
-11595
-11331
-11252
-11251
-11068
-11675
-11625
-11360
-11611
-11186
-11623
-11367
-11415
-11644
-11143
-11262
-11312
-11618
-11384
-11219
-11646
-11510
-11216
-11646
-11405
-11531
-11612
-11381
-11459
-11295
-11693
-11538
-11473
-11384
-11294
-11551
-11080
-11714
-11240
-11460
-11596
-11400
-11362
-11695
-11616
-11724
-11145
-11689
-11487
-11091
-11192
-11445
-11293
-11435
-11471
-11647
-11314
-11683
-11212
-11484
-11323
-11642
-11574
-11207
-11611
-11731
-11316
-11124
-11542
-11664
-11690
-11335
-11558
-11697
-11321
-11292
-11587
-11592
-11623
-11367
-11634
-11197
-11456
-11257
-11339
-11257
-11405
-11609
-11289
-11437
-11356
-11589
-11339
-11253
-11375
-11546
-11542
-11632
-11240
-11309
-11397
-11156
-11432
-11693
-11485
-11773
-11339
-11173
-11282
-11338
-11344
-11342
-11619
-11390
-11584
-11296
-11775
-11717
-11684
-11346
-11368
-11749
-11181
-11788
-11422
-11695
-11291
-11524
-11422
-11497
-11322
-11319
-11218
-11385
-11399
-11187
-11650
-11666
-11666
-11793
-11732
-11445
-11259
-11566
-11320
-11499
-11700
-11699
-11195
-11679
-11382
-11388
-11712
-11793
-11720
-11417
-11605
-11525
-11202
-11449
-11401
-11315
-11614
-11544
-11299
-11440
-11547
-11287
-11388
-11596
-11678
-11505
-11545
-11606
-11824
-11676
-11319
-11516
-11726
-11490
-11638
-11735
-11817
-11350
-11681
-11602
-11750
-11635
-11662
-11560
-11783
-11275
-11300
-11381
-11452
-11464
-11590
-11239
-11652
-11585
-11411
-11305
-11788
-11881
-11511
-11822
-11359
-11325
-11698
-11351
-11406
-11481
-11606
-11605
-11501
-11358
-11486
-11330
-11778
-11355
-11592
-11782
-11770
-11441
-11638
-11384
-11270
-11716
-11495
-11761
-11649
-11439
-11850
-11911
-11790
-11691
-11823
-11533
-11303
-11486
-11793
-11810
-11647
-11622
-11735
-11646
-11817
-11879
-11610
-11524
-11766
-11758
-11760
-11737
-11709
-11481
-11422
-11466
-11745
-11619
-11498
-11660
-11539
-11836
-11688
-11917
-11665
-11548
-11386
-11870
-11635
-11692
-11490
-11853
-11642
-11378
-11842
-11713
-11442
-11585
-11795
-11384
-11560
-11407
-11493
-11549
-11932
-11773
-11790
-11480
-11360
-11556
-11592
-11520
-11902
-11971
-11863
-11877
-11358
-11752
-11737
-11684
-11976
-11702
-11588
-11447
-11389
-11541
-11771
-11684
-11353
-11889
-11978
-11998
-11450
-11476
-11938
-11381
-11567
-11718
-11719
-11937
-11950
-11809
-11419
-11625
-11370
-11434
-11587
-11932
-11935
-11607
-11566
-11375
-11404
-11944
-11616
-11556
-11809
-11748
-11682
-11950
-11740
-11906
-11970
-11984
-11521
-11571
-11698
-11739
-11564
-11856
-11831
-11933
-11825
-11933
-11599
-11863
-11917
-11837
-11560
-11675
-11947
-12013
-11830
-11627
-11753
-11761
-12021
-11612
-11503
-11427
-11540
-11904
-11966
-11445
-11713
-11659
-11939
-11576
-11541
-11640
-11436
-11777
-11802
-12050
-11834
-11524
-12036
-11777
-11692
-11560
-11603
-12072
-12026
-11616
-11877
-11899
-11733
-11981
-11606
-11579
-11504
-11775
-11689
-11552
-11997
-12033
-11505
-11652
-12007
-12040
-11950
-11861
-11467
-11550
-11561
-11665
-11854
-11655
-11814
-11831
-12105
-11738
-11992
-11703
-11538
-11901
-11596
-11572
-11707
-11483
-11713
-11761
-11883
-11868
-11951
-11531
-11645
-11988
-11737
-11896
-11489
-12037
-11930
-11629
-11641
-12074
-11780
-11524
-12082
-12029
-11988
-11865
-11705
-11615
-11537
-11701
-11547
-11697
-11863
-11993
-12077
-11558
-11787
-12050
-11838
-11529
-11811
-11920
-11844
-11714
-11563
-11878
-11829
-11928
-12011
-12130
-11938
-12154
-12109
-12028
-11940
-12034
-11851
-11903
-12109
-12130
-12162
-11910
-11721
-11775
-11541
-11992
-11803
-12022
-12168
-11828
-11885
-11630
-11728
-12154
-11924
-11553
-11832
-11657
-11667
-11944
-12085
-11898
-11868
-11563
-11799
-12023
-11980
-12068
-11853
-11903
-11591
-12026
-11813
-11930
-12063
-12098
-11590
-11841
-11958
-11917
-12031
-11852
-11997
-12018
-12046
-11835
-11689
-12131
-11875
-11911
-11772
-11909
-12019
-12226
-12034
-11819
-12166
-12030
-11901
-11854
-11646
-11753
-11777
-12145
-12032
-11911
-11974
-11796
-12137
-11922
-12214
-11849
-11917
-12199
-11823
-12220
-12063
-11623
-11629
-12075
-12105
-12207
-11724
-11739
-12219
-11890
-11883
-11655
-11722
-12167
-12104
-11888
-12094
-11901
